Rk,Player,Tm,FantPos,Age,G,GS,Cmp,P_Att,P_Yds,P_TD,Int,R_Att,R_Yds,Y/A,R_TD,Tgt,Rec,RE_Yds,Y/R,RE_TD,Fmb,FL,TD,PPR,PosRank,Year
8.0,Travis Kelce,KAN,TE,33.0,17.0,17.0,0.0,0.0,0.0,0.0,0.0,2.0,5.0,2.5,0.0,152.0,110.0,1338.0,12.16,12.0,1.0,1.0,12.0,316.3,1.0,2022
23.0,George Kittle,SFO,TE,29.0,15.0,15.0,0.0,0.0,0.0,0.0,0.0,0.0,0.0,,0.0,86.0,60.0,765.0,12.75,11.0,1.0,1.0,11.0,200.5,2.0,2022
25.0,Taysom Hill,NOR,TE,32.0,16.0,8.0,13.0,19.0,240.0,2.0,0.0,96.0,575.0,5.99,7.0,13.0,9.0,77.0,8.56,2.0,2.0,0.0,9.0,145.8,3.0,2022
29.0,TJ Hockenson,2TM,TE,25.0,17.0,14.0,0.0,0.0,0.0,0.0,0.0,0.0,0.0,,0.0,129.0,86.0,914.0,10.63,6.0,1.0,1.0,6.0,215.4,4.0,2022
41.0,Mark Andrews,BAL,TE,27.0,15.0,15.0,0.0,0.0,0.0,0.0,0.0,3.0,8.0,2.67,0.0,113.0,73.0,847.0,11.6,5.0,1.0,0.0,5.0,190.5,5.0,2022
51.0,Evan Engram,JAX,TE,28.0,17.0,14.0,0.0,0.0,0.0,0.0,0.0,2.0,13.0,6.5,0.0,98.0,73.0,766.0,10.49,4.0,0.0,0.0,4.0,176.9,6.0,2022
57.0,Cole Kmet,CHI,TE,23.0,17.0,17.0,0.0,0.0,0.0,0.0,0.0,2.0,9.0,4.5,0.0,69.0,50.0,544.0,10.88,7.0,1.0,0.0,7.0,147.3,7.0,2022
63.0,Juwan Johnson,NOR,TE,26.0,16.0,12.0,0.0,0.0,0.0,0.0,0.0,0.0,0.0,,0.0,65.0,42.0,508.0,12.1,7.0,0.0,0.0,7.0,134.8,8.0,2022
70.0,Dawson Knox,BUF,TE,26.0,15.0,15.0,0.0,0.0,0.0,0.0,0.0,0.0,0.0,,0.0,65.0,48.0,517.0,10.77,6.0,0.0,0.0,6.0,135.7,9.0,2022
72.0,Dallas Goedert,PHI,TE,27.0,12.0,12.0,0.0,0.0,0.0,0.0,0.0,0.0,0.0,,0.0,69.0,55.0,702.0,12.76,3.0,1.0,1.0,3.0,141.2,10.0,2022
73.0,Dalton Schultz,DAL,TE,26.0,15.0,15.0,0.0,0.0,0.0,0.0,0.0,0.0,0.0,,0.0,89.0,57.0,577.0,10.12,5.0,1.0,1.0,5.0,142.7,11.0,2022
77.0,Pat Freiermuth,PIT,TE,24.0,16.0,8.0,0.0,0.0,0.0,0.0,0.0,0.0,0.0,,0.0,98.0,63.0,732.0,11.62,2.0,0.0,0.0,2.0,148.2,12.0,2022
146.0,David Njoku,CLE,TE,26.0,14.0,14.0,0.0,0.0,0.0,0.0,0.0,2.0,-8.0,-4.0,0.0,80.0,58.0,628.0,10.83,4.0,1.0,1.0,4.0,142.0,13.0,2022
147.0,Gerald Everett,LAC,TE,28.0,16.0,11.0,0.0,0.0,0.0,0.0,0.0,1.0,0.0,0.0,0.0,87.0,58.0,555.0,9.57,4.0,0.0,0.0,4.0,139.5,14.0,2022
150.0,Jordan Akins,HOU,TE,30.0,15.0,3.0,0.0,0.0,0.0,0.0,0.0,0.0,0.0,,0.0,54.0,37.0,495.0,13.38,5.0,1.0,1.0,5.0,116.5,16.0,2022
151.0,Tyler Higbee,LAR,TE,29.0,17.0,17.0,0.0,0.0,0.0,0.0,0.0,0.0,0.0,,0.0,108.0,72.0,620.0,8.61,3.0,0.0,0.0,3.0,152.0,15.0,2022
157.0,Tyler Conklin,NYJ,TE,27.0,17.0,16.0,0.0,0.0,0.0,0.0,0.0,2.0,3.0,1.5,0.0,87.0,58.0,552.0,9.52,3.0,2.0,0.0,3.0,131.5,17.0,2022
162.0,Noah Fant,SEA,TE,25.0,17.0,16.0,0.0,0.0,0.0,0.0,0.0,0.0,0.0,,0.0,63.0,50.0,486.0,9.72,4.0,0.0,0.0,4.0,122.6,18.0,2022
171.0,Zach Ertz,ARI,TE,32.0,10.0,10.0,0.0,0.0,0.0,0.0,0.0,0.0,0.0,,0.0,69.0,47.0,406.0,8.64,4.0,0.0,0.0,4.0,115.6,19.0,2022
179.0,Mike Gesicki,MIA,TE,27.0,17.0,1.0,0.0,0.0,0.0,0.0,0.0,0.0,0.0,,0.0,52.0,32.0,362.0,11.31,5.0,0.0,0.0,5.0,98.2,20.0,2022
183.0,Chigoziem Okonkwo,TEN,TE,23.0,17.0,8.0,0.0,0.0,0.0,0.0,0.0,3.0,2.0,0.67,0.0,46.0,32.0,450.0,14.06,3.0,0.0,0.0,3.0,97.2,21.0,2022
186.0,Hunter Henry,NWE,TE,28.0,17.0,14.0,0.0,0.0,0.0,0.0,0.0,0.0,0.0,,0.0,59.0,41.0,509.0,12.41,2.0,0.0,0.0,2.0,103.9,22.0,2022
197.0,Robert Tonyan,GNB,TE,28.0,17.0,3.0,0.0,0.0,0.0,0.0,0.0,0.0,0.0,,0.0,67.0,53.0,470.0,8.87,2.0,0.0,0.0,2.0,112.0,23.0,2022
202.0,Darren Waller,LVR,TE,30.0,9.0,6.0,0.0,0.0,0.0,0.0,0.0,0.0,0.0,,0.0,43.0,28.0,388.0,13.86,3.0,0.0,0.0,3.0,84.8,24.0,2022
205.0,Austin Hooper,TEN,TE,28.0,17.0,2.0,0.0,0.0,0.0,0.0,0.0,0.0,0.0,,0.0,60.0,41.0,444.0,10.83,2.0,0.0,0.0,2.0,97.4,25.0,2022
209.0,Isaiah Likely,BAL,TE,22.0,16.0,2.0,0.0,0.0,0.0,0.0,0.0,0.0,0.0,,0.0,60.0,36.0,373.0,10.36,3.0,0.0,0.0,3.0,91.3,26.0,2022
214.0,Will Dissly,SEA,TE,26.0,15.0,15.0,0.0,0.0,0.0,0.0,0.0,0.0,0.0,,0.0,38.0,34.0,349.0,10.26,3.0,0.0,0.0,3.0,86.9,29.0,2022
215.0,Greg Dulcich,DEN,TE,22.0,10.0,6.0,0.0,0.0,0.0,0.0,0.0,0.0,0.0,,0.0,55.0,33.0,411.0,12.45,2.0,0.0,0.0,2.0,86.1,28.0,2022
216.0,Hayden Hurst,CIN,TE,29.0,13.0,13.0,0.0,0.0,0.0,0.0,0.0,0.0,0.0,,0.0,68.0,52.0,414.0,7.96,2.0,0.0,0.0,2.0,105.4,27.0,2022
217.0,Foster Moreau,LVR,TE,25.0,15.0,14.0,0.0,0.0,0.0,0.0,0.0,0.0,2.0,,0.0,54.0,33.0,420.0,12.73,2.0,1.0,1.0,2.0,85.2,30.0,2022
223.0,Cade Otton,TAM,TE,23.0,16.0,11.0,0.0,0.0,0.0,0.0,0.0,0.0,0.0,,0.0,65.0,42.0,391.0,9.31,2.0,0.0,0.0,2.0,93.1,31.0,2022
226.0,Jelani Woods,IND,TE,24.0,15.0,2.0,0.0,0.0,0.0,0.0,0.0,0.0,0.0,,0.0,40.0,25.0,312.0,12.48,3.0,1.0,0.0,3.0,74.2,32.0,2022
232.0,Kyle Pitts,ATL,TE,22.0,10.0,10.0,0.0,0.0,0.0,0.0,0.0,0.0,0.0,,0.0,59.0,28.0,356.0,12.71,2.0,0.0,0.0,2.0,75.6,33.0,2022
239.0,Brock Wright,DET,TE,24.0,17.0,10.0,0.0,0.0,0.0,0.0,0.0,0.0,0.0,,0.0,24.0,18.0,216.0,12.0,4.0,0.0,0.0,4.0,63.6,34.0,2022
241.0,Daniel Bellinger,NYG,TE,22.0,12.0,11.0,0.0,0.0,0.0,0.0,0.0,1.0,2.0,2.0,1.0,35.0,30.0,268.0,8.93,2.0,1.0,1.0,3.0,75.0,35.0,2022
245.0,Colby Parkinson,SEA,TE,23.0,17.0,2.0,0.0,0.0,0.0,0.0,0.0,0.0,0.0,,0.0,34.0,25.0,322.0,12.88,2.0,0.0,0.0,2.0,69.2,36.0,2022
