Rk,Player,Tm,FantPos,Age,G,GS,Cmp,P_Att,P_Yds,P_TD,Int,R_Att,R_Yds,Y/A,R_TD,Tgt,Rec,RE_Yds,Y/R,RE_TD,Fmb,FL,TD,PPR,PosRank,Year
1.0,Patrick Mahomes,KAN,QB,27.0,17.0,17.0,435.0,648.0,5250.0,41.0,12.0,61.0,358.0,5.87,4.0,1.0,1.0,6.0,6.0,0.0,5.0,0.0,4.0,417.4,1.0,2022
7.0,Josh Allen,BUF,QB,26.0,16.0,16.0,359.0,567.0,4283.0,35.0,14.0,124.0,762.0,6.15,7.0,0.0,0.0,0.0,,0.0,13.0,5.0,7.0,395.5,2.0,2022
12.0,Jalen Hurts,PHI,QB,24.0,15.0,15.0,306.0,460.0,3701.0,22.0,6.0,165.0,760.0,4.61,13.0,0.0,0.0,0.0,,0.0,9.0,2.0,13.0,378.0,3.0,2022
17.0,Joe Burrow,CIN,QB,26.0,16.0,16.0,414.0,606.0,4475.0,35.0,12.0,75.0,257.0,3.43,5.0,0.0,0.0,0.0,,0.0,6.0,3.0,5.0,350.7,4.0,2022
42.0,Geno Smith,SEA,QB,32.0,17.0,17.0,399.0,572.0,4282.0,30.0,11.0,68.0,366.0,5.38,1.0,0.0,0.0,0.0,,0.0,8.0,4.0,1.0,303.9,5.0,2022
45.0,Justin Fields,CHI,QB,23.0,15.0,15.0,192.0,318.0,2242.0,17.0,11.0,160.0,1143.0,7.14,8.0,0.0,0.0,0.0,,0.0,16.0,2.0,8.0,296.0,6.0,2022
46.0,Trevor Lawrence,JAX,QB,23.0,17.0,17.0,387.0,584.0,4113.0,25.0,8.0,62.0,291.0,4.69,5.0,0.0,0.0,0.0,,0.0,12.0,9.0,5.0,295.6,7.0,2022
50.0,Kirk Cousins,MIN,QB,34.0,17.0,17.0,424.0,643.0,4547.0,29.0,14.0,31.0,97.0,3.13,2.0,0.0,0.0,0.0,,0.0,7.0,3.0,2.0,291.6,8.0,2022
53.0,Daniel Jones,NYG,QB,25.0,16.0,16.0,317.0,472.0,3205.0,15.0,5.0,120.0,708.0,5.9,7.0,0.0,0.0,0.0,,0.0,6.0,3.0,7.0,289.0,9.0,2022
60.0,Jared Goff,DET,QB,28.0,17.0,17.0,382.0,587.0,4438.0,29.0,7.0,29.0,73.0,2.52,0.0,1.0,1.0,5.0,5.0,0.0,7.0,4.0,0.0,284.3,10.0,2022
64.0,Justin Herbert,LAC,QB,24.0,17.0,17.0,477.0,699.0,4739.0,25.0,10.0,54.0,147.0,2.72,0.0,2.0,2.0,-10.0,-5.0,0.0,8.0,3.0,0.0,281.3,11.0,2022
79.0,Tom Brady,TAM,QB,45.0,17.0,17.0,490.0,733.0,4694.0,25.0,9.0,29.0,-1.0,-0.03,1.0,1.0,0.0,0.0,,0.0,5.0,4.0,1.0,271.7,12.0,2022
80.0,Aaron Rodgers,GNB,QB,39.0,17.0,17.0,350.0,542.0,3695.0,26.0,12.0,34.0,94.0,2.76,1.0,0.0,0.0,0.0,,0.0,8.0,4.0,1.0,239.2,13.0,2022
81.0,Lamar Jackson,BAL,QB,25.0,12.0,12.0,203.0,326.0,2242.0,17.0,7.0,112.0,764.0,6.82,3.0,0.0,0.0,0.0,,0.0,5.0,2.0,3.0,236.1,14.0,2022
82.0,Tua Tagovailoa,MIA,QB,24.0,13.0,13.0,259.0,400.0,3548.0,25.0,8.0,23.0,70.0,3.04,0.0,0.0,0.0,0.0,,0.0,6.0,1.0,0.0,230.9,15.0,2022
83.0,Russell Wilson,DEN,QB,34.0,15.0,15.0,292.0,483.0,3524.0,16.0,11.0,55.0,277.0,5.04,3.0,1.0,1.0,1.0,1.0,0.0,6.0,2.0,3.0,225.8,16.0,2022
84.0,Derek Carr,LVR,QB,31.0,15.0,15.0,305.0,502.0,3522.0,24.0,14.0,24.0,102.0,4.25,0.0,0.0,0.0,0.0,,0.0,4.0,0.0,0.0,219.1,17.0,2022
85.0,Kyler Murray,ARI,QB,25.0,11.0,11.0,259.0,390.0,2368.0,14.0,7.0,67.0,418.0,6.24,3.0,0.0,0.0,0.0,,0.0,8.0,2.0,3.0,200.5,18.0,2022
86.0,Dak Prescott,DAL,QB,29.0,12.0,12.0,261.0,394.0,2860.0,23.0,15.0,45.0,182.0,4.04,1.0,0.0,0.0,0.0,,0.0,4.0,1.0,1.0,198.6,19.0,2022
87.0,Marcus Mariota,ATL,QB,29.0,13.0,13.0,184.0,300.0,2219.0,15.0,9.0,85.0,438.0,5.15,4.0,0.0,0.0,0.0,,0.0,8.0,3.0,4.0,196.6,20.0,2022
88.0,Davis Mills,HOU,QB,24.0,15.0,15.0,292.0,479.0,3118.0,17.0,15.0,32.0,108.0,3.38,2.0,0.0,0.0,0.0,,0.0,8.0,3.0,2.0,181.5,21.0,2022
89.0,Andy Dalton,NOR,QB,35.0,14.0,14.0,252.0,378.0,2871.0,18.0,9.0,30.0,54.0,1.8,0.0,0.0,0.0,0.0,,0.0,5.0,1.0,0.0,174.2,22.0,2022
90.0,Mac Jones,NWE,QB,24.0,14.0,14.0,288.0,442.0,2997.0,14.0,11.0,47.0,102.0,2.17,1.0,0.0,0.0,0.0,,0.0,5.0,1.0,1.0,170.1,23.0,2022
91.0,Jacoby Brissett,CLE,QB,30.0,16.0,11.0,236.0,369.0,2608.0,12.0,6.0,49.0,243.0,4.96,2.0,0.0,0.0,0.0,,0.0,6.0,4.0,2.0,168.6,24.0,2022
92.0,Jimmy Garoppolo,SFO,QB,31.0,11.0,10.0,207.0,308.0,2437.0,16.0,4.0,23.0,33.0,1.43,2.0,0.0,0.0,0.0,,0.0,3.0,2.0,2.0,164.8,25.0,2022
93.0,Ryan Tannehill,TEN,QB,34.0,12.0,12.0,212.0,325.0,2536.0,13.0,6.0,34.0,98.0,2.88,2.0,0.0,0.0,0.0,,0.0,3.0,2.0,2.0,161.2,26.0,2022
94.0,Matt Ryan,IND,QB,37.0,12.0,12.0,309.0,461.0,3057.0,14.0,13.0,27.0,70.0,2.59,1.0,0.0,0.0,0.0,,0.0,15.0,5.0,1.0,155.3,27.0,2022
95.0,Kenny Pickett,PIT,QB,24.0,13.0,12.0,245.0,389.0,2404.0,7.0,9.0,55.0,237.0,4.31,3.0,0.0,0.0,0.0,,0.0,4.0,1.0,3.0,149.9,28.0,2022
106.0,Baker Mayfield,2TM,QB,27.0,12.0,10.0,201.0,335.0,2163.0,10.0,8.0,31.0,89.0,2.87,1.0,0.0,0.0,0.0,,0.0,9.0,2.0,1.0,121.4,29.0,2022
109.0,Taylor Heinicke,WAS,QB,29.0,9.0,9.0,161.0,259.0,1859.0,12.0,6.0,28.0,96.0,3.43,1.0,0.0,0.0,0.0,,0.0,7.0,5.0,1.0,116.0,30.0,2022
113.0,Carson Wentz,WAS,QB,30.0,8.0,7.0,172.0,276.0,1755.0,11.0,9.0,22.0,86.0,3.91,1.0,0.0,0.0,0.0,,0.0,6.0,1.0,1.0,112.8,31.0,2022
119.0,Matthew Stafford,LAR,QB,34.0,9.0,9.0,206.0,303.0,2087.0,10.0,8.0,13.0,9.0,0.69,1.0,0.0,0.0,0.0,,0.0,5.0,3.0,1.0,108.4,32.0,2022
123.0,Brock Purdy,SFO,QB,23.0,9.0,5.0,114.0,170.0,1374.0,13.0,4.0,22.0,13.0,0.59,1.0,0.0,0.0,0.0,,0.0,0.0,0.0,1.0,106.3,33.0,2022
127.0,Zach Wilson,NYJ,QB,23.0,9.0,9.0,132.0,242.0,1688.0,6.0,7.0,28.0,102.0,3.64,1.0,1.0,1.0,2.0,2.0,1.0,1.0,1.0,2.0,98.9,34.0,2022
142.0,Sam Darnold,CAR,QB,25.0,6.0,6.0,82.0,140.0,1143.0,7.0,3.0,26.0,106.0,4.08,2.0,0.0,0.0,0.0,,0.0,6.0,2.0,2.0,86.3,35.0,2022
143.0,Deshaun Watson,CLE,QB,27.0,6.0,6.0,99.0,170.0,1102.0,7.0,5.0,36.0,175.0,4.86,1.0,0.0,0.0,0.0,,0.0,1.0,0.0,1.0,85.6,36.0,2022
161.0,Mitchell Trubisky,PIT,QB,28.0,7.0,5.0,117.0,180.0,1252.0,4.0,5.0,19.0,38.0,2.0,2.0,0.0,0.0,0.0,,0.0,0.0,0.0,2.0,73.9,37.0,2022
201.0,Cooper Rush,DAL,QB,29.0,9.0,5.0,94.0,162.0,1051.0,5.0,3.0,9.0,6.0,0.67,0.0,0.0,0.0,0.0,,0.0,2.0,0.0,0.0,56.6,38.0,2022
203.0,Mike White,NYJ,QB,27.0,4.0,4.0,103.0,175.0,1192.0,3.0,4.0,6.0,9.0,1.5,1.0,0.0,0.0,0.0,,0.0,2.0,1.0,1.0,56.6,39.0,2022
225.0,Tyler Huntley,BAL,QB,24.0,6.0,4.0,75.0,112.0,658.0,2.0,3.0,43.0,137.0,3.19,1.0,0.0,0.0,0.0,,0.0,3.0,0.0,1.0,50.0,40.0,2022
228.0,Joe Flacco,NYJ,QB,37.0,5.0,4.0,110.0,191.0,1051.0,5.0,3.0,3.0,6.0,2.0,0.0,0.0,0.0,-3.0,,0.0,5.0,4.0,0.0,48.3,41.0,2022
249.0,Jameis Winston,NOR,QB,28.0,3.0,3.0,73.0,115.0,858.0,4.0,5.0,5.0,16.0,3.2,0.0,0.0,0.0,0.0,,0.0,3.0,0.0,0.0,43.9,42.0,2022
