Rk,Player,Tm,FantPos,Age,G,GS,Cmp,P_Att,P_Yds,P_TD,Int,R_Att,R_Yds,Y/A,R_TD,Tgt,Rec,RE_Yds,Y/R,RE_TD,Fmb,FL,TD,PPR,PosRank,Year
2.0,Josh Jacobs,LVR,RB,24.0,17.0,17.0,0.0,0.0,0.0,0.0,0.0,340.0,1653.0,4.86,12.0,64.0,53.0,400.0,7.55,0.0,3.0,1.0,12.0,328.3,1.0,2022
3.0,Christian McCaffrey,2TM,RB,26.0,17.0,16.0,1.0,1.0,34.0,1.0,0.0,244.0,1139.0,4.67,8.0,108.0,85.0,741.0,8.72,5.0,1.0,0.0,13.0,356.4,2.0,2022
4.0,Derrick Henry ,TEN,RB,28.0,16.0,16.0,2.0,2.0,4.0,1.0,0.0,349.0,1538.0,4.41,13.0,41.0,33.0,398.0,12.06,0.0,6.0,3.0,13.0,302.8,3.0,2022
6.0,Austin Ekeler,LAC,RB,27.0,17.0,17.0,0.0,0.0,0.0,0.0,0.0,204.0,915.0,4.49,13.0,127.0,107.0,722.0,6.75,5.0,5.0,3.0,18.0,372.7,4.0,2022
10.0,Nick Chubb,CLE,RB,27.0,17.0,17.0,0.0,0.0,0.0,0.0,0.0,302.0,1525.0,5.05,12.0,37.0,27.0,239.0,8.85,1.0,1.0,1.0,13.0,281.4,5.0,2022
15.0,Saquon Barkley,NYG,RB,25.0,16.0,16.0,0.0,0.0,0.0,0.0,0.0,295.0,1312.0,4.45,10.0,76.0,57.0,338.0,5.93,0.0,1.0,0.0,10.0,284.0,6.0,2022
18.0,Jamaal Williams,DET,RB,27.0,17.0,9.0,0.0,0.0,0.0,0.0,0.0,262.0,1066.0,4.07,17.0,16.0,12.0,73.0,6.08,0.0,3.0,2.0,17.0,225.9,7.0,2022
20.0,Tony Pollard,DAL,RB,25.0,16.0,4.0,0.0,0.0,0.0,0.0,0.0,193.0,1007.0,5.22,9.0,55.0,39.0,371.0,9.51,3.0,0.0,0.0,12.0,248.8,8.0,2022
21.0,Dalvin Cook,MIN,RB,27.0,17.0,17.0,0.0,0.0,0.0,0.0,0.0,264.0,1173.0,4.44,8.0,56.0,39.0,295.0,7.56,2.0,4.0,4.0,10.0,237.8,9.0,2022
22.0,Miles Sanders,PHI,RB,25.0,17.0,15.0,0.0,0.0,0.0,0.0,0.0,259.0,1269.0,4.9,11.0,26.0,20.0,78.0,3.9,0.0,2.0,2.0,11.0,216.7,10.0,2022
26.0,Aaron Jones,GNB,RB,28.0,17.0,17.0,0.0,0.0,0.0,0.0,0.0,213.0,1121.0,5.26,2.0,72.0,59.0,395.0,6.69,5.0,5.0,3.0,7.0,248.6,11.0,2022
31.0,Najee Harris,PIT,RB,24.0,17.0,17.0,1.0,1.0,4.0,0.0,0.0,272.0,1034.0,3.8,7.0,53.0,41.0,229.0,5.59,3.0,3.0,2.0,10.0,223.5,12.0,2022
33.0,Rhamondre Stevenson,NWE,RB,24.0,17.0,7.0,0.0,0.0,0.0,0.0,0.0,210.0,1040.0,4.95,5.0,88.0,69.0,421.0,6.1,1.0,4.0,1.0,6.0,249.1,13.0,2022
34.0,Joe Mixon,CIN,RB,26.0,14.0,14.0,0.0,0.0,0.0,0.0,0.0,210.0,814.0,3.88,7.0,75.0,60.0,441.0,7.35,2.0,0.0,0.0,9.0,239.5,14.0,2022
38.0,Kenneth Walker III,SEA,RB,22.0,15.0,11.0,0.0,0.0,0.0,0.0,0.0,228.0,1050.0,4.61,9.0,35.0,27.0,165.0,6.11,0.0,0.0,0.0,9.0,202.5,15.0,2022
43.0,Travis Etienne,JAX,RB,23.0,17.0,12.0,0.0,0.0,0.0,0.0,0.0,220.0,1125.0,5.11,5.0,45.0,35.0,316.0,9.03,0.0,5.0,3.0,5.0,205.1,16.0,2022
44.0,Ezekiel Elliott,DAL,RB,27.0,15.0,14.0,0.0,0.0,0.0,0.0,0.0,231.0,876.0,3.79,12.0,23.0,17.0,92.0,5.41,0.0,0.0,0.0,12.0,185.8,17.0,2022
54.0,Alvin Kamara,NOR,RB,27.0,15.0,13.0,0.0,0.0,0.0,0.0,0.0,223.0,897.0,4.02,2.0,77.0,57.0,490.0,8.6,2.0,4.0,4.0,4.0,211.7,18.0,2022
55.0,James Conner,ARI,RB,27.0,13.0,13.0,0.0,0.0,0.0,0.0,0.0,183.0,782.0,4.27,7.0,58.0,46.0,300.0,6.52,1.0,3.0,1.0,8.0,200.2,19.0,2022
56.0,Leonard Fournette,TAM,RB,27.0,16.0,9.0,0.0,1.0,0.0,0.0,1.0,189.0,668.0,3.53,3.0,83.0,73.0,523.0,7.16,3.0,0.0,0.0,6.0,226.1,20.0,2022
66.0,David Montgomery,CHI,RB,25.0,16.0,16.0,0.0,0.0,0.0,0.0,0.0,201.0,801.0,3.99,5.0,40.0,34.0,316.0,9.29,1.0,2.0,2.0,6.0,177.7,21.0,2022
67.0,Tyler Allgeier,ATL,RB,22.0,16.0,7.0,0.0,0.0,0.0,0.0,0.0,210.0,1035.0,4.93,3.0,17.0,16.0,139.0,8.69,1.0,0.0,0.0,4.0,159.4,22.0,2022
69.0,DAndre Swift,DET,RB,23.0,14.0,8.0,0.0,0.0,0.0,0.0,0.0,99.0,542.0,5.47,5.0,70.0,48.0,389.0,8.1,3.0,1.0,0.0,8.0,191.1,23.0,2022
78.0,Jerick McKinnon,KAN,RB,30.0,17.0,0.0,0.0,0.0,0.0,0.0,0.0,72.0,291.0,4.04,1.0,71.0,56.0,512.0,9.14,9.0,1.0,1.0,10.0,196.3,24.0,2022
96.0,AJ Dillon,GNB,RB,24.0,17.0,3.0,0.0,0.0,0.0,0.0,0.0,186.0,770.0,4.14,7.0,43.0,28.0,206.0,7.36,0.0,1.0,0.0,7.0,167.6,26.0,2022
97.0,Devin Singletary,BUF,RB,25.0,16.0,16.0,0.0,0.0,0.0,0.0,0.0,177.0,819.0,4.63,5.0,52.0,38.0,280.0,7.37,1.0,3.0,3.0,6.0,177.9,25.0,2022
98.0,Raheem Mostert,MIA,RB,30.0,16.0,14.0,0.0,0.0,0.0,0.0,0.0,181.0,891.0,4.92,3.0,42.0,31.0,202.0,6.52,2.0,1.0,1.0,5.0,168.3,27.0,2022
99.0,Jeff Wilson,2TM,RB,27.0,16.0,7.0,0.0,0.0,0.0,0.0,0.0,176.0,860.0,4.89,5.0,37.0,22.0,185.0,8.41,1.0,3.0,2.0,6.0,158.5,28.0,2022
100.0,Dameon Pierce,HOU,RB,22.0,13.0,13.0,0.0,0.0,0.0,0.0,0.0,220.0,939.0,4.27,4.0,39.0,30.0,165.0,5.5,1.0,4.0,2.0,5.0,166.4,29.0,2022
101.0,Cordarrelle Patterson,ATL,RB,31.0,13.0,11.0,0.0,0.0,0.0,0.0,0.0,144.0,695.0,4.83,8.0,31.0,21.0,122.0,5.81,0.0,1.0,1.0,9.0,154.7,30.0,2022
102.0,Cam Akers,LAR,RB,23.0,15.0,9.0,0.0,0.0,0.0,0.0,0.0,188.0,786.0,4.18,7.0,18.0,13.0,117.0,9.0,0.0,2.0,2.0,7.0,141.3,31.0,2022
103.0,Latavius Murray,2TM,RB,32.0,13.0,7.0,0.0,0.0,0.0,0.0,0.0,171.0,760.0,4.44,6.0,35.0,27.0,132.0,4.89,0.0,1.0,0.0,6.0,154.2,32.0,2022
104.0,DOnta Foreman,CAR,RB,26.0,17.0,9.0,0.0,0.0,0.0,0.0,0.0,203.0,914.0,4.5,5.0,9.0,5.0,26.0,5.2,0.0,1.0,0.0,5.0,131.0,33.0,2022
105.0,Isiah Pacheco,KAN,RB,22.0,17.0,11.0,0.0,0.0,0.0,0.0,0.0,170.0,830.0,4.88,5.0,14.0,13.0,130.0,10.0,0.0,4.0,2.0,5.0,135.0,34.0,2022
107.0,Antonio Gibson,WAS,RB,24.0,15.0,6.0,0.0,0.0,0.0,0.0,0.0,149.0,546.0,3.66,3.0,58.0,46.0,353.0,7.67,2.0,1.0,0.0,5.0,165.9,35.0,2022
108.0,Jonathan Taylor,IND,RB,23.0,11.0,11.0,0.0,0.0,0.0,0.0,0.0,192.0,861.0,4.48,4.0,40.0,28.0,143.0,5.11,0.0,3.0,3.0,4.0,146.4,36.0,2022
118.0,Khalil Herbert,CHI,RB,24.0,13.0,1.0,0.0,0.0,0.0,0.0,0.0,129.0,731.0,5.67,4.0,12.0,9.0,57.0,6.33,1.0,0.0,0.0,5.0,117.8,37.0,2022
124.0,Samaje Perine,CIN,RB,27.0,16.0,2.0,0.0,0.0,0.0,0.0,0.0,95.0,394.0,4.15,2.0,51.0,38.0,287.0,7.55,4.0,0.0,0.0,6.0,142.1,38.0,2022
125.0,Brian Robinson Jr,WAS,RB,23.0,12.0,9.0,0.0,0.0,0.0,0.0,0.0,205.0,797.0,3.89,2.0,12.0,9.0,60.0,6.67,1.0,2.0,0.0,3.0,112.7,39.0,2022
131.0,Breece Hall,NYJ,RB,21.0,7.0,2.0,0.0,0.0,0.0,0.0,0.0,80.0,463.0,5.79,4.0,31.0,19.0,218.0,11.47,1.0,1.0,1.0,5.0,115.1,40.0,2022
135.0,Kareem Hunt,CLE,RB,27.0,17.0,0.0,0.0,0.0,0.0,0.0,0.0,123.0,468.0,3.8,3.0,44.0,35.0,210.0,6.0,1.0,1.0,0.0,4.0,126.8,41.0,2022
138.0,Rachaad White,TAM,RB,23.0,17.0,8.0,0.0,0.0,0.0,0.0,0.0,129.0,481.0,3.73,1.0,58.0,50.0,290.0,5.8,2.0,3.0,3.0,3.0,139.1,42.0,2022
140.0,Kenyan Drake,BAL,RB,28.0,12.0,5.0,0.0,0.0,0.0,0.0,0.0,109.0,482.0,4.42,4.0,26.0,17.0,89.0,5.24,1.0,1.0,0.0,5.0,104.1,43.0,2022
144.0,Michael Carter,NYJ,RB,23.0,16.0,10.0,0.0,0.0,0.0,0.0,0.0,114.0,402.0,3.53,3.0,54.0,41.0,288.0,7.02,0.0,2.0,1.0,3.0,126.0,44.0,2022
145.0,James Cook,BUF,RB,23.0,16.0,0.0,0.0,0.0,0.0,0.0,0.0,89.0,507.0,5.7,2.0,32.0,21.0,180.0,8.57,1.0,1.0,1.0,3.0,105.7,45.0,2022
149.0,Clyde EdwardsHelaire,KAN,RB,23.0,10.0,6.0,0.0,0.0,0.0,0.0,0.0,71.0,302.0,4.25,3.0,23.0,17.0,151.0,8.88,3.0,0.0,0.0,6.0,98.3,46.0,2022
155.0,James Robinson,2TM,RB,24.0,11.0,5.0,0.0,0.0,0.0,0.0,0.0,110.0,425.0,3.86,3.0,14.0,11.0,51.0,4.64,2.0,1.0,0.0,5.0,88.6,47.0,2022
158.0,JK Dobbins,BAL,RB,24.0,8.0,8.0,0.0,0.0,0.0,0.0,0.0,92.0,520.0,5.65,2.0,8.0,7.0,42.0,6.0,1.0,0.0,0.0,3.0,81.2,48.0,2022
159.0,Damien Harris,NWE,RB,25.0,11.0,9.0,0.0,0.0,0.0,0.0,0.0,106.0,462.0,4.36,3.0,23.0,17.0,97.0,5.71,0.0,0.0,0.0,3.0,90.9,49.0,2022
160.0,Chuba Hubbard,CAR,RB,23.0,15.0,2.0,0.0,0.0,0.0,0.0,0.0,95.0,466.0,4.91,2.0,17.0,14.0,171.0,12.21,0.0,2.0,1.0,2.0,87.7,50.0,2022
164.0,Alexander Mattison,MIN,RB,24.0,17.0,0.0,0.0,0.0,0.0,0.0,0.0,74.0,283.0,3.82,5.0,18.0,15.0,91.0,6.07,1.0,0.0,0.0,6.0,88.4,51.0,2022
181.0,Eno Benjamin,3TM,RB,23.0,15.0,3.0,0.0,0.0,0.0,0.0,0.0,77.0,313.0,4.06,2.0,34.0,25.0,193.0,7.72,0.0,0.0,0.0,2.0,89.6,54.0,2022
182.0,Kenneth Gainwell,PHI,RB,23.0,17.0,0.0,0.0,0.0,0.0,0.0,0.0,53.0,240.0,4.53,4.0,29.0,23.0,169.0,7.35,0.0,0.0,0.0,4.0,87.9,53.0,2022
184.0,Jaylen Warren,PIT,RB,24.0,16.0,0.0,0.0,0.0,0.0,0.0,0.0,77.0,379.0,4.92,1.0,33.0,28.0,214.0,7.64,0.0,1.0,0.0,1.0,93.3,52.0,2022
189.0,Melvin Gordon,DEN,RB,29.0,10.0,6.0,0.0,0.0,0.0,0.0,0.0,90.0,318.0,3.53,2.0,32.0,25.0,223.0,8.92,0.0,5.0,2.0,2.0,87.1,55.0,2022
196.0,Gus Edwards,BAL,RB,27.0,9.0,4.0,0.0,0.0,0.0,0.0,0.0,87.0,433.0,4.98,3.0,2.0,0.0,0.0,,0.0,1.0,1.0,3.0,59.3,56.0,2022
198.0,Chase Edmonds,2TM,RB,26.0,13.0,3.0,0.0,0.0,0.0,0.0,0.0,68.0,245.0,3.6,2.0,24.0,16.0,157.0,9.81,1.0,0.0,0.0,3.0,74.2,57.0,2022
200.0,Darrell Henderson,LAR,RB,25.0,10.0,7.0,0.0,0.0,0.0,0.0,0.0,70.0,283.0,4.04,3.0,22.0,17.0,102.0,6.0,0.0,0.0,0.0,3.0,73.5,58.0,2022
204.0,Dontrell Hilliard,TEN,RB,27.0,12.0,1.0,0.0,0.0,0.0,0.0,0.0,22.0,145.0,6.59,0.0,26.0,21.0,177.0,8.43,4.0,0.0,0.0,4.0,77.2,59.0,2022
207.0,Deon Jackson,IND,RB,23.0,16.0,2.0,0.0,0.0,0.0,0.0,0.0,68.0,236.0,3.47,1.0,34.0,30.0,209.0,6.97,1.0,1.0,1.0,2.0,84.5,60.0,2022
211.0,Zack Moss,2TM,RB,25.0,13.0,3.0,0.0,0.0,0.0,0.0,0.0,93.0,456.0,4.9,1.0,13.0,11.0,39.0,3.55,0.0,1.0,1.0,1.0,64.5,61.0,2022
220.0,Nyheim Hines,2TM,RB,26.0,16.0,5.0,0.0,0.0,0.0,0.0,0.0,24.0,33.0,1.38,1.0,37.0,30.0,241.0,8.03,1.0,2.0,0.0,4.0,81.4,62.0,2022
221.0,Joshua Kelley,LAC,RB,25.0,13.0,1.0,0.0,0.0,0.0,0.0,0.0,69.0,287.0,4.16,2.0,25.0,14.0,101.0,7.21,0.0,0.0,0.0,2.0,64.8,63.0,2022
224.0,Jamycal Hasty,JAX,RB,26.0,17.0,0.0,0.0,0.0,0.0,0.0,0.0,46.0,194.0,4.22,2.0,26.0,20.0,126.0,6.3,1.0,0.0,0.0,3.0,70.0,64.0,2022
231.0,Rashaad Penny,SEA,RB,26.0,5.0,5.0,0.0,0.0,0.0,0.0,0.0,57.0,346.0,6.07,2.0,5.0,4.0,16.0,4.0,0.0,1.0,0.0,2.0,52.2,65.0,2022
236.0,Zonovan Knight,NYJ,RB,21.0,7.0,4.0,0.0,0.0,0.0,0.0,0.0,85.0,300.0,3.53,1.0,14.0,13.0,100.0,7.69,0.0,2.0,0.0,1.0,59.0,66.0,2022
250.0,Caleb Huntley,ATL,RB,24.0,12.0,0.0,0.0,0.0,0.0,0.0,0.0,76.0,366.0,4.82,1.0,2.0,2.0,3.0,1.5,0.0,1.0,0.0,1.0,44.9,67.0,2022
