Rk,Player,Tm,FantPos,Age,G,GS,Cmp,Att,Yds,TD,Int,Att,Yds,Y/A,TD,Tgt,Rec,Yds,Y/R,TD,Fmb,FL,TD,PPR,PosRank,Year,label
3.0,Jeff Garcia,SFO,QB,30.0,16.0,16.0,355.0,561.0,4278.0,31.0,10.0,72.0,414.0,5.75,4.0,0.0,0.0,0.0,,0.0,7.0,1.0,4.0,340.5,1.0,2000,298.9
4.0,Daunte Culpepper,MIN,QB,23.0,16.0,16.0,297.0,474.0,3937.0,33.0,16.0,89.0,470.0,5.28,7.0,0.0,0.0,0.0,,0.0,11.0,6.0,7.0,338.5,2.0,2000,203.1
11.0,Rich Gannon,OAK,QB,35.0,16.0,16.0,284.0,473.0,3430.0,28.0,11.0,89.0,529.0,5.94,4.0,0.0,0.0,0.0,,0.0,9.0,5.0,4.0,296.1,3.0,2000,266.2
12.0,Peyton Manning,IND,QB,24.0,16.0,16.0,357.0,571.0,4413.0,33.0,15.0,37.0,116.0,3.14,1.0,0.0,0.0,0.0,,0.0,5.0,3.0,1.0,294.1,4.0,2000,260.9
14.0,Donovan McNabb,PHI,QB,24.0,16.0,16.0,330.0,569.0,3365.0,21.0,13.0,86.0,629.0,7.31,6.0,4.0,2.0,5.0,2.5,0.0,7.0,4.0,6.0,288.0,5.0,2000,259.5
28.0,Elvis Grbac,KAN,QB,30.0,15.0,15.0,326.0,547.0,4169.0,28.0,14.0,30.0,110.0,3.67,1.0,0.0,0.0,0.0,,0.0,7.0,3.0,1.0,261.8,6.0,2000,143.1
45.0,Mark Brunell,JAX,QB,30.0,16.0,16.0,311.0,512.0,3640.0,20.0,14.0,48.0,236.0,4.92,2.0,0.0,0.0,0.0,,0.0,7.0,4.0,2.0,227.2,7.0,2000,206.8
55.0,Kerry Collins,NYG,QB,28.0,16.0,16.0,311.0,529.0,3610.0,22.0,13.0,41.0,65.0,1.59,1.0,0.0,0.0,0.0,,0.0,7.0,2.0,1.0,214.9,9.0,2000,190.7
62.0,Brett Favre,GNB,QB,31.0,16.0,16.0,338.0,580.0,3812.0,20.0,16.0,27.0,108.0,4.0,0.0,0.0,0.0,0.0,,0.0,9.0,5.0,0.0,205.3,10.0,2000,256.4
79.0,Kurt Warner,STL,QB,29.0,11.0,11.0,235.0,347.0,3429.0,21.0,18.0,18.0,17.0,0.94,0.0,0.0,0.0,0.0,,0.0,4.0,1.0,0.0,188.9,13.0,2000,293.2
80.0,Brian Griese,DEN,QB,25.0,10.0,10.0,216.0,336.0,2688.0,19.0,4.0,29.0,102.0,3.52,1.0,0.0,0.0,0.0,,0.0,5.0,3.0,1.0,187.7,14.0,2000,192.8
81.0,Kordell Stewart,PIT,QB,28.0,16.0,11.0,151.0,289.0,1860.0,11.0,8.0,78.0,436.0,5.59,7.0,0.0,0.0,0.0,,0.0,8.0,3.0,7.0,182.0,16.0,2000,236.1
82.0,Vinny Testaverde,NYJ,QB,37.0,16.0,16.0,328.0,590.0,3732.0,21.0,25.0,25.0,32.0,1.28,0.0,0.0,0.0,0.0,,0.0,7.0,4.0,0.0,182.5,15.0,2000,140.6
83.0,Steve McNair,TEN,QB,27.0,16.0,15.0,248.0,396.0,2847.0,15.0,13.0,72.0,403.0,5.6,0.0,0.0,0.0,0.0,,0.0,12.0,4.0,0.0,180.2,17.0,2000,265.4
84.0,Jay Fiedler,MIA,QB,29.0,15.0,15.0,204.0,357.0,2402.0,14.0,14.0,54.0,267.0,4.94,1.0,0.0,0.0,0.0,,0.0,2.0,2.0,1.0,152.8,18.0,2000,221.7
86.0,Rob Johnson,BUF,QB,27.0,12.0,11.0,175.0,306.0,2125.0,12.0,7.0,42.0,307.0,7.31,1.0,1.0,1.0,-6.0,-6.0,0.0,4.0,2.0,1.0,152.1,19.0,2000,86.7
88.0,Charlie Batch,DET,QB,26.0,15.0,15.0,221.0,412.0,2489.0,13.0,15.0,44.0,199.0,4.52,2.0,0.0,0.0,0.0,,0.0,6.0,3.0,2.0,147.5,20.0,2000,118.2
89.0,Jon Kitna,SEA,QB,28.0,15.0,12.0,259.0,418.0,2658.0,18.0,19.0,48.0,127.0,2.65,1.0,0.0,0.0,0.0,,0.0,17.0,6.0,1.0,147.0,21.0,2000,139.9
90.0,Trent Green,STL,QB,30.0,8.0,5.0,145.0,240.0,2063.0,16.0,5.0,20.0,69.0,3.45,1.0,0.0,0.0,0.0,,0.0,3.0,2.0,1.0,145.4,22.0,2000,186.2
91.0,Jake Plummer,ARI,QB,26.0,14.0,14.0,270.0,475.0,2946.0,13.0,21.0,37.0,183.0,4.95,0.0,0.0,0.0,0.0,,0.0,8.0,3.0,0.0,140.1,23.0,2000,202.4
95.0,Brad Johnson,WAS,QB,32.0,12.0,11.0,228.0,365.0,2505.0,11.0,15.0,22.0,58.0,2.64,1.0,0.0,0.0,0.0,,0.0,5.0,3.0,1.0,120.0,26.0,2000,196.2
98.0,Aaron Brooks,NOR,QB,24.0,8.0,5.0,113.0,194.0,1514.0,9.0,6.0,41.0,170.0,4.15,2.0,0.0,0.0,0.0,,0.0,4.0,1.0,2.0,111.6,28.0,2000,253.1
99.0,Doug Flutie,BUF,QB,38.0,11.0,5.0,132.0,231.0,1700.0,8.0,3.0,36.0,161.0,4.47,1.0,0.0,0.0,0.0,,0.0,5.0,2.0,1.0,112.1,27.0,2000,183.8
100.0,Chris Chandler,ATL,QB,35.0,14.0,13.0,192.0,331.0,2236.0,10.0,12.0,21.0,60.0,2.86,0.0,1.0,1.0,-4.0,-4.0,0.0,7.0,1.0,0.0,110.0,29.0,2000,158.3
113.0,Gus Frerotte,DEN,QB,29.0,10.0,6.0,138.0,232.0,1776.0,9.0,8.0,22.0,64.0,2.91,1.0,0.0,0.0,0.0,,0.0,5.0,3.0,1.0,97.4,30.0,2000,29.2
125.0,Trent Dilfer,BAL,QB,28.0,11.0,8.0,134.0,226.0,1502.0,12.0,11.0,20.0,75.0,3.75,0.0,1.0,1.0,-1.0,-1.0,0.0,8.0,2.0,0.0,90.5,31.0,2000,64.8
127.0,Tony Banks,BAL,QB,27.0,11.0,8.0,150.0,274.0,1578.0,8.0,8.0,19.0,57.0,3.0,0.0,0.0,0.0,0.0,,0.0,5.0,,0.0,86.8,32.0,2000,136.6
142.0,Tim Couch,CLE,QB,23.0,7.0,7.0,137.0,215.0,1483.0,7.0,9.0,12.0,45.0,3.75,0.0,0.0,0.0,0.0,,0.0,2.0,,0.0,73.8,34.0,2000,154.4
155.0,Randall Cunningham,DAL,QB,37.0,6.0,3.0,74.0,125.0,849.0,6.0,4.0,23.0,89.0,3.87,1.0,0.0,0.0,0.0,,0.0,4.0,1.0,1.0,64.9,37.0,2000,42.9
197.0,Shane Matthews,CHI,QB,30.0,6.0,5.0,102.0,178.0,964.0,3.0,6.0,10.0,35.0,3.5,0.0,0.0,0.0,0.0,,0.0,2.0,,0.0,42.1,41.0,2000,34.3
8.0,Jeff Garcia,SFO,QB,31.0,16.0,16.0,316.0,504.0,3538.0,32.0,12.0,72.0,254.0,3.53,5.0,0.0,0.0,0.0,,0.0,9.0,3.0,5.0,298.9,1.0,2001,255.1
10.0,Kurt Warner,STL,QB,30.0,16.0,16.0,375.0,546.0,4830.0,36.0,22.0,28.0,60.0,2.14,0.0,0.0,0.0,0.0,,0.0,10.0,4.0,0.0,293.2,2.0,2001,44.5
16.0,Rich Gannon,OAK,QB,36.0,16.0,16.0,361.0,549.0,3828.0,27.0,9.0,63.0,231.0,3.67,2.0,0.0,0.0,0.0,,0.0,13.0,7.0,2.0,266.2,3.0,2001,303.2
17.0,Steve McNair,TEN,QB,28.0,15.0,15.0,264.0,431.0,3350.0,21.0,12.0,75.0,414.0,5.52,5.0,0.0,0.0,0.0,,0.0,5.0,3.0,5.0,265.4,4.0,2001,255.5
20.0,Peyton Manning,IND,QB,25.0,16.0,16.0,343.0,547.0,4131.0,26.0,23.0,35.0,157.0,4.49,4.0,0.0,0.0,0.0,,0.0,7.0,3.0,4.0,260.9,5.0,2001,264.8
22.0,Donovan McNabb,PHI,QB,25.0,16.0,16.0,285.0,493.0,3233.0,25.0,12.0,82.0,482.0,5.88,2.0,0.0,0.0,0.0,,0.0,8.0,3.0,2.0,259.5,6.0,2001,223.6
24.0,Brett Favre,GNB,QB,32.0,16.0,16.0,314.0,510.0,3921.0,32.0,15.0,38.0,56.0,1.47,1.0,0.0,0.0,0.0,,0.0,16.0,6.0,1.0,256.4,7.0,2001,221.6
27.0,Aaron Brooks,NOR,QB,25.0,16.0,16.0,312.0,558.0,3832.0,26.0,22.0,80.0,358.0,4.48,1.0,1.0,0.0,0.0,,0.0,13.0,2.0,1.0,253.1,8.0,2001,256.2
39.0,Kordell Stewart,PIT,QB,29.0,16.0,16.0,266.0,442.0,3109.0,14.0,11.0,96.0,537.0,5.59,5.0,0.0,0.0,0.0,,0.0,11.0,3.0,5.0,236.1,9.0,2001,87.3
48.0,Jay Fiedler,MIA,QB,30.0,16.0,16.0,273.0,450.0,3290.0,20.0,19.0,73.0,321.0,4.4,4.0,0.0,0.0,0.0,,0.0,6.0,4.0,4.0,221.7,10.0,2001,144.9
70.0,Mark Brunell,JAX,QB,31.0,15.0,15.0,289.0,473.0,3309.0,19.0,13.0,39.0,224.0,5.74,1.0,0.0,0.0,0.0,,0.0,8.0,3.0,1.0,206.8,11.0,2001,188.2
78.0,Jake Plummer,ARI,QB,27.0,16.0,16.0,304.0,525.0,3653.0,18.0,14.0,35.0,163.0,4.66,0.0,0.0,0.0,0.0,,0.0,8.0,3.0,0.0,202.4,12.0,2001,182.4
79.0,Daunte Culpepper,MIN,QB,24.0,11.0,11.0,235.0,366.0,2612.0,14.0,13.0,71.0,416.0,5.86,5.0,1.0,1.0,0.0,0.0,0.0,16.0,6.0,5.0,203.1,13.0,2001,285.0
80.0,Brad Johnson,TAM,QB,33.0,16.0,16.0,340.0,559.0,3406.0,13.0,11.0,39.0,120.0,3.08,3.0,0.0,0.0,0.0,,0.0,4.0,2.0,3.0,196.2,14.0,2001,201.0
81.0,Brian Griese,DEN,QB,26.0,15.0,15.0,275.0,451.0,2827.0,23.0,19.0,50.0,173.0,3.46,1.0,1.0,1.0,-6.0,-6.0,0.0,7.0,1.0,1.0,192.8,15.0,2001,175.3
82.0,Kerry Collins,NYG,QB,29.0,16.0,16.0,327.0,568.0,3764.0,19.0,16.0,39.0,73.0,1.87,0.0,1.0,1.0,-2.0,-2.0,0.0,23.0,6.0,0.0,190.7,16.0,2001,210.6
83.0,Trent Green,KAN,QB,31.0,16.0,16.0,296.0,523.0,3783.0,17.0,24.0,35.0,158.0,4.51,0.0,1.0,1.0,1.0,1.0,0.0,11.0,4.0,0.0,186.2,17.0,2001,256.1
86.0,Tom Brady,NWE,QB,24.0,15.0,14.0,264.0,413.0,2843.0,18.0,12.0,36.0,43.0,1.19,0.0,1.0,1.0,23.0,23.0,0.0,12.0,3.0,0.0,163.3,20.0,2001,245.6
87.0,Chris Chandler,ATL,QB,36.0,14.0,14.0,223.0,365.0,2847.0,16.0,14.0,25.0,84.0,3.36,0.0,0.0,0.0,0.0,,0.0,8.0,1.0,0.0,158.3,21.0,2001,46.1
88.0,Tim Couch,CLE,QB,24.0,16.0,16.0,272.0,454.0,3040.0,17.0,21.0,38.0,128.0,3.37,0.0,1.0,1.0,-10.0,-10.0,0.0,9.0,3.0,0.0,154.4,22.0,2001,155.4
91.0,Jon Kitna,CIN,QB,29.0,16.0,15.0,313.0,581.0,3216.0,12.0,22.0,27.0,73.0,2.7,1.0,0.0,0.0,0.0,,0.0,13.0,4.0,1.0,139.9,25.0,2001,176.8
101.0,Jim Miller,CHI,QB,30.0,14.0,13.0,228.0,395.0,2299.0,13.0,10.0,29.0,-19.0,-0.66,0.0,0.0,0.0,0.0,,0.0,7.0,3.0,0.0,116.1,28.0,2001,106.9
110.0,Matt Hasselbeck,SEA,QB,26.0,13.0,12.0,176.0,321.0,2023.0,7.0,8.0,40.0,141.0,3.53,0.0,0.0,0.0,0.0,,0.0,6.0,2.0,0.0,103.0,30.0,2001,183.2
149.0,Quincy Carter,DAL,QB,24.0,8.0,8.0,90.0,176.0,1072.0,5.0,7.0,45.0,150.0,3.33,1.0,0.0,0.0,0.0,,0.0,5.0,1.0,1.0,67.9,32.0,2001,73.7
158.0,Trent Dilfer,SEA,QB,29.0,6.0,4.0,73.0,122.0,1014.0,7.0,4.0,11.0,17.0,1.55,0.0,1.0,1.0,-5.0,-5.0,0.0,3.0,,0.0,64.8,33.0,2001,52.0
168.0,Michael Vick,ATL,QB,21.0,8.0,2.0,50.0,113.0,785.0,2.0,3.0,31.0,289.0,9.32,1.0,0.0,0.0,0.0,,0.0,6.0,5.0,1.0,58.3,35.0,2001,282.7
180.0,Mike McMahon,DET,QB,22.0,8.0,3.0,53.0,115.0,671.0,3.0,1.0,27.0,145.0,5.37,1.0,0.0,0.0,0.0,,0.0,5.0,4.0,1.0,51.3,36.0,2001,74.3
223.0,Shane Matthews,CHI,QB,31.0,4.0,3.0,84.0,129.0,694.0,5.0,6.0,4.0,5.0,1.25,0.0,0.0,0.0,0.0,,0.0,4.0,1.0,0.0,34.3,38.0,2001,84.8
13.0,Rich Gannon,OAK,QB,37.0,16.0,16.0,418.0,618.0,4689.0,26.0,10.0,50.0,156.0,3.12,3.0,0.0,0.0,0.0,,0.0,9.0,3.0,3.0,303.2,1.0,2002,68.8
19.0,Daunte Culpepper,MIN,QB,25.0,16.0,16.0,333.0,549.0,3853.0,18.0,23.0,106.0,609.0,5.75,10.0,0.0,0.0,0.0,,0.0,23.0,9.0,10.0,285.0,2.0,2002,273.4
21.0,Michael Vick,ATL,QB,22.0,15.0,15.0,231.0,421.0,2936.0,16.0,8.0,113.0,777.0,6.88,8.0,1.0,0.0,16.0,,0.0,9.0,5.0,8.0,282.7,3.0,2002,62.9
35.0,Peyton Manning,IND,QB,26.0,16.0,16.0,392.0,591.0,4200.0,27.0,19.0,38.0,148.0,3.89,2.0,0.0,0.0,0.0,,0.0,6.0,2.0,2.0,264.8,4.0,2002,268.1
40.0,Aaron Brooks,NOR,QB,26.0,16.0,16.0,283.0,528.0,3572.0,27.0,15.0,62.0,253.0,4.08,2.0,0.0,0.0,0.0,,0.0,11.0,5.0,2.0,256.2,5.0,2002,229.3
42.0,Trent Green,KAN,QB,32.0,16.0,16.0,287.0,470.0,3690.0,26.0,13.0,31.0,225.0,7.26,1.0,0.0,0.0,0.0,,0.0,1.0,,1.0,256.1,6.0,2002,251.9
43.0,Steve McNair,TEN,QB,29.0,16.0,16.0,301.0,492.0,3387.0,22.0,15.0,82.0,440.0,5.37,3.0,0.0,0.0,0.0,,0.0,9.0,2.0,3.0,255.5,7.0,2002,241.8
44.0,Jeff Garcia,SFO,QB,32.0,16.0,16.0,328.0,528.0,3344.0,21.0,10.0,73.0,353.0,4.84,3.0,0.0,0.0,0.0,,0.0,2.0,2.0,3.0,255.1,8.0,2002,225.7
46.0,Drew Bledsoe,BUF,QB,30.0,16.0,16.0,375.0,610.0,4359.0,24.0,15.0,27.0,67.0,2.48,2.0,0.0,0.0,0.0,,0.0,11.0,4.0,2.0,251.1,9.0,2002,127.3
53.0,Tom Brady,NWE,QB,25.0,16.0,16.0,373.0,601.0,3764.0,28.0,14.0,42.0,110.0,2.62,1.0,0.0,0.0,0.0,,0.0,11.0,5.0,1.0,245.6,10.0,2002,215.1
73.0,Donovan McNabb,PHI,QB,26.0,10.0,10.0,211.0,361.0,2289.0,17.0,6.0,63.0,460.0,7.3,6.0,1.0,0.0,0.0,,0.0,6.0,5.0,6.0,223.6,11.0,2002,218.4
79.0,Brett Favre,GNB,QB,33.0,16.0,16.0,341.0,551.0,3658.0,27.0,16.0,25.0,73.0,2.92,0.0,0.0,0.0,0.0,,0.0,10.0,4.0,0.0,221.6,12.0,2002,221.9
80.0,Chad Pennington,NYJ,QB,26.0,15.0,12.0,275.0,399.0,3120.0,22.0,6.0,29.0,49.0,1.69,2.0,0.0,0.0,0.0,,0.0,2.0,1.0,2.0,217.7,13.0,2002,127.8
81.0,Kerry Collins,NYG,QB,30.0,16.0,16.0,335.0,545.0,4073.0,19.0,14.0,44.0,-3.0,-0.07,0.0,0.0,0.0,0.0,,0.0,8.0,1.0,0.0,210.6,14.0,2002,141.3
82.0,Brad Johnson,TAM,QB,34.0,13.0,13.0,281.0,451.0,3049.0,22.0,6.0,13.0,30.0,2.31,0.0,0.0,0.0,0.0,,0.0,8.0,2.0,0.0,201.0,15.0,2002,215.5
83.0,Drew Brees,SDG,QB,23.0,16.0,16.0,320.0,526.0,3284.0,17.0,16.0,38.0,130.0,3.42,1.0,0.0,0.0,0.0,,0.0,2.0,,1.0,188.4,16.0,2002,111.8
85.0,Matt Hasselbeck,SEA,QB,27.0,16.0,10.0,267.0,419.0,3075.0,15.0,10.0,40.0,202.0,5.05,1.0,0.0,0.0,0.0,,0.0,5.0,4.0,1.0,183.2,18.0,2002,250.1
86.0,Jake Plummer,ARI,QB,28.0,16.0,16.0,284.0,530.0,2972.0,18.0,20.0,46.0,283.0,6.15,2.0,1.0,1.0,2.0,2.0,0.0,13.0,6.0,2.0,182.4,19.0,2002,167.8
87.0,Jon Kitna,CIN,QB,30.0,14.0,12.0,294.0,473.0,3178.0,16.0,16.0,24.0,57.0,2.38,4.0,0.0,0.0,0.0,,0.0,10.0,6.0,4.0,176.8,20.0,2002,220.9
89.0,Tommy Maddox,PIT,QB,31.0,15.0,11.0,234.0,377.0,2836.0,20.0,16.0,19.0,43.0,2.26,0.0,2.0,0.0,0.0,,0.0,8.0,3.0,0.0,165.7,22.0,2002,171.8
90.0,Tim Couch,CLE,QB,25.0,14.0,14.0,273.0,443.0,2842.0,18.0,18.0,23.0,77.0,3.35,0.0,0.0,0.0,0.0,,0.0,6.0,2.0,0.0,155.4,23.0,2002,73.4
91.0,David Carr,HOU,QB,23.0,16.0,16.0,233.0,444.0,2592.0,9.0,15.0,59.0,282.0,4.78,3.0,0.0,0.0,0.0,,0.0,21.0,7.0,3.0,145.9,24.0,2002,117.6
92.0,Jay Fiedler,MIA,QB,31.0,11.0,10.0,179.0,292.0,2024.0,14.0,9.0,28.0,99.0,3.54,3.0,0.0,0.0,0.0,,0.0,3.0,1.0,3.0,144.9,25.0,2002,122.3
102.0,Jeff Blake,BAL,QB,32.0,11.0,10.0,165.0,295.0,2084.0,13.0,11.0,39.0,106.0,2.72,1.0,0.0,0.0,0.0,,0.0,8.0,5.0,1.0,122.0,27.0,2002,137.6
103.0,Marc Bulger,STL,QB,25.0,7.0,7.0,138.0,214.0,1826.0,14.0,6.0,12.0,-13.0,-1.08,1.0,1.0,1.0,3.0,3.0,0.0,2.0,1.0,1.0,121.0,28.0,2002,219.3
120.0,Joey Harrington,DET,QB,24.0,14.0,12.0,215.0,429.0,2294.0,12.0,16.0,7.0,4.0,0.57,0.0,0.0,0.0,0.0,,0.0,2.0,1.0,0.0,106.2,30.0,2002,153.6
140.0,Kordell Stewart,PIT,QB,30.0,7.0,5.0,109.0,166.0,1155.0,6.0,6.0,43.0,191.0,4.44,2.0,1.0,0.0,0.0,,0.0,4.0,2.0,2.0,87.3,31.0,2002,103.7
149.0,Patrick Ramsey,WAS,QB,23.0,9.0,5.0,117.0,227.0,1539.0,9.0,8.0,13.0,-1.0,-0.08,1.0,0.0,0.0,0.0,,0.0,9.0,5.0,1.0,79.5,33.0,2002,130.8
153.0,Quincy Carter,DAL,QB,25.0,7.0,7.0,125.0,221.0,1465.0,7.0,8.0,27.0,91.0,3.37,0.0,0.0,0.0,0.0,,0.0,5.0,3.0,0.0,73.7,34.0,2002,189.8
190.0,Kelly Holcomb,CLE,QB,29.0,4.0,2.0,64.0,106.0,790.0,8.0,4.0,8.0,9.0,1.13,0.0,0.0,0.0,0.0,,0.0,1.0,1.0,0.0,54.5,40.0,2002,84.6
210.0,Chris Chandler,CHI,QB,37.0,9.0,7.0,103.0,161.0,1023.0,4.0,4.0,10.0,32.0,3.2,0.0,0.0,0.0,0.0,,0.0,3.0,3.0,0.0,46.1,44.0,2002,45.5
28.0,Daunte Culpepper,MIN,QB,26.0,14.0,14.0,295.0,454.0,3479.0,25.0,11.0,73.0,422.0,5.78,4.0,0.0,0.0,0.0,,0.0,16.0,6.0,4.0,273.4,1.0,2003,371.3
31.0,Peyton Manning,IND,QB,27.0,16.0,16.0,379.0,566.0,4267.0,29.0,10.0,28.0,26.0,0.93,0.0,1.0,1.0,-2.0,-2.0,0.0,6.0,2.0,0.0,268.1,2.0,2003,360.1
35.0,Trent Green,KAN,QB,33.0,16.0,16.0,330.0,523.0,4039.0,24.0,12.0,26.0,83.0,3.19,2.0,0.0,0.0,0.0,,0.0,5.0,1.0,2.0,251.9,3.0,2003,260.1
37.0,Matt Hasselbeck,SEA,QB,28.0,16.0,16.0,313.0,513.0,3841.0,26.0,15.0,36.0,125.0,3.47,2.0,0.0,0.0,0.0,,0.0,4.0,1.0,2.0,250.1,4.0,2003,208.3
44.0,Steve McNair,TEN,QB,30.0,14.0,14.0,250.0,400.0,3215.0,24.0,7.0,38.0,138.0,3.63,4.0,1.0,1.0,4.0,4.0,0.0,12.0,6.0,4.0,241.8,5.0,2003,82.5
55.0,Aaron Brooks,NOR,QB,27.0,16.0,16.0,306.0,518.0,3546.0,24.0,8.0,54.0,175.0,3.24,2.0,1.0,0.0,0.0,,0.0,14.0,11.0,2.0,229.3,6.0,2003,244.8
59.0,Jeff Garcia,SFO,QB,33.0,13.0,13.0,225.0,392.0,2704.0,18.0,13.0,56.0,319.0,5.7,7.0,1.0,1.0,6.0,6.0,0.0,9.0,3.0,7.0,225.7,7.0,2003,106.1
64.0,Brett Favre,GNB,QB,34.0,16.0,16.0,308.0,471.0,3361.0,32.0,21.0,18.0,15.0,0.83,0.0,0.0,0.0,0.0,,0.0,5.0,2.0,0.0,221.9,8.0,2003,255.1
67.0,Jon Kitna,CIN,QB,31.0,16.0,16.0,324.0,520.0,3591.0,26.0,15.0,38.0,113.0,2.97,0.0,0.0,0.0,0.0,,0.0,9.0,4.0,0.0,220.9,9.0,2003,39.1
69.0,Marc Bulger,STL,QB,26.0,15.0,15.0,336.0,532.0,3845.0,22.0,22.0,29.0,75.0,2.59,4.0,0.0,0.0,0.0,,0.0,8.0,6.0,4.0,219.3,10.0,2003,235.5
73.0,Donovan McNabb,PHI,QB,27.0,16.0,16.0,275.0,478.0,3216.0,16.0,11.0,71.0,355.0,5.0,3.0,1.0,1.0,-7.0,-7.0,0.0,9.0,3.0,3.0,218.4,11.0,2003,291.0
79.0,Brad Johnson,TAM,QB,35.0,16.0,16.0,354.0,570.0,3811.0,26.0,21.0,25.0,33.0,1.32,0.0,1.0,0.0,-2.0,,0.0,6.0,2.0,0.0,215.5,12.0,2003,35.3
80.0,Tom Brady,NWE,QB,26.0,16.0,16.0,317.0,527.0,3620.0,23.0,12.0,42.0,63.0,1.5,1.0,0.0,0.0,0.0,,0.0,13.0,5.0,1.0,215.1,13.0,2003,226.5
83.0,Jake Delhomme,CAR,QB,28.0,16.0,15.0,266.0,449.0,3219.0,19.0,16.0,42.0,39.0,0.93,1.0,0.0,0.0,0.0,,0.0,15.0,6.0,1.0,170.7,16.0,2003,248.5
84.0,Jake Plummer,DEN,QB,29.0,11.0,11.0,189.0,302.0,2182.0,15.0,7.0,37.0,205.0,5.54,3.0,0.0,0.0,0.0,,0.0,4.0,2.0,3.0,167.8,17.0,2003,255.8
85.0,Joey Harrington,DET,QB,25.0,16.0,16.0,309.0,554.0,2880.0,17.0,22.0,30.0,86.0,2.87,0.0,1.0,1.0,8.0,8.0,0.0,6.0,,0.0,153.6,18.0,2003,187.4
86.0,Byron Leftwich,JAX,QB,23.0,15.0,13.0,239.0,418.0,2819.0,14.0,16.0,25.0,108.0,4.32,2.0,0.0,0.0,0.0,,0.0,11.0,6.0,2.0,147.6,19.0,2003,186.7
88.0,Kerry Collins,NYG,QB,31.0,13.0,13.0,284.0,500.0,3110.0,13.0,16.0,17.0,49.0,2.88,0.0,0.0,0.0,0.0,,0.0,12.0,5.0,0.0,141.3,20.0,2003,181.4
91.0,Patrick Ramsey,WAS,QB,24.0,11.0,11.0,179.0,337.0,2166.0,14.0,9.0,15.0,62.0,4.13,1.0,0.0,0.0,0.0,,0.0,8.0,5.0,1.0,130.8,22.0,2003,84.5
93.0,Chad Pennington,NYJ,QB,27.0,10.0,9.0,189.0,297.0,2139.0,13.0,12.0,21.0,42.0,2.0,2.0,0.0,0.0,0.0,,0.0,8.0,2.0,2.0,127.8,23.0,2003,167.5
94.0,Drew Bledsoe,BUF,QB,31.0,16.0,16.0,274.0,471.0,2860.0,11.0,12.0,24.0,29.0,1.21,2.0,0.0,0.0,0.0,,0.0,15.0,11.0,2.0,127.3,24.0,2003,159.0
97.0,Jay Fiedler,MIA,QB,32.0,12.0,11.0,179.0,314.0,2138.0,11.0,13.0,34.0,88.0,2.59,3.0,0.0,0.0,0.0,,0.0,7.0,4.0,3.0,122.3,25.0,2003,57.3
99.0,David Carr,HOU,QB,24.0,12.0,11.0,167.0,295.0,2013.0,9.0,13.0,27.0,151.0,5.59,2.0,1.0,0.0,0.0,,0.0,4.0,,2.0,117.6,26.0,2003,201.1
102.0,Drew Brees,SDG,QB,24.0,11.0,11.0,205.0,356.0,2108.0,11.0,15.0,21.0,84.0,4.0,0.0,1.0,1.0,21.0,21.0,1.0,5.0,3.0,1.0,111.8,27.0,2003,241.7
128.0,Kelly Holcomb,CLE,QB,30.0,10.0,8.0,193.0,302.0,1797.0,10.0,12.0,8.0,7.0,0.88,0.0,0.0,0.0,0.0,,0.0,5.0,2.0,0.0,84.6,30.0,2003,47.3
135.0,Vinny Testaverde,NYJ,QB,40.0,7.0,7.0,123.0,198.0,1385.0,7.0,2.0,6.0,17.0,2.83,0.0,0.0,0.0,0.0,,0.0,1.0,,0.0,81.1,32.0,2003,175.1
157.0,Josh McCown,ARI,QB,24.0,8.0,3.0,95.0,166.0,1018.0,5.0,6.0,28.0,158.0,5.64,1.0,0.0,0.0,0.0,,0.0,10.0,1.0,1.0,68.5,36.0,2003,140.1
167.0,Kyle Boller,BAL,QB,22.0,11.0,9.0,116.0,224.0,1260.0,7.0,9.0,30.0,62.0,2.07,0.0,1.0,0.0,0.0,,0.0,9.0,5.0,0.0,64.6,37.0,2003,145.3
174.0,Michael Vick,ATL,QB,23.0,5.0,4.0,50.0,100.0,585.0,4.0,3.0,40.0,255.0,6.38,1.0,0.0,0.0,0.0,,0.0,4.0,1.0,1.0,62.9,39.0,2003,218.7
183.0,Tim Rattay,SFO,QB,26.0,11.0,3.0,73.0,118.0,856.0,7.0,2.0,8.0,0.0,0.0,0.0,0.0,0.0,0.0,,0.0,0.0,,0.0,58.2,40.0,2003,106.3
237.0,Billy Volek,TEN,QB,27.0,7.0,1.0,44.0,69.0,545.0,4.0,1.0,11.0,4.0,0.36,1.0,0.0,0.0,0.0,,0.0,1.0,1.0,1.0,40.2,45.0,2003,159.4
1.0,Daunte Culpepper,MIN,QB,27.0,16.0,16.0,379.0,548.0,4717.0,39.0,11.0,88.0,406.0,4.61,2.0,0.0,0.0,0.0,,0.0,9.0,5.0,2.0,371.3,1.0,2004,79.3
4.0,Peyton Manning,IND,QB,28.0,16.0,16.0,336.0,497.0,4557.0,49.0,10.0,25.0,38.0,1.52,0.0,0.0,0.0,0.0,,0.0,5.0,1.0,0.0,360.1,2.0,2004,246.4
16.0,Donovan McNabb,PHI,QB,28.0,15.0,15.0,300.0,469.0,3875.0,31.0,8.0,41.0,220.0,5.37,3.0,0.0,0.0,0.0,,0.0,8.0,6.0,3.0,291.0,3.0,2004,153.8
28.0,Trent Green,KAN,QB,34.0,16.0,16.0,369.0,556.0,4591.0,27.0,17.0,25.0,85.0,3.4,0.0,0.0,0.0,0.0,,0.0,11.0,4.0,0.0,260.1,4.0,2004,210.8
33.0,Jake Plummer,DEN,QB,30.0,16.0,16.0,303.0,521.0,4089.0,27.0,20.0,62.0,202.0,3.26,1.0,0.0,0.0,0.0,,0.0,6.0,1.0,1.0,255.8,5.0,2004,217.7
35.0,Brett Favre,GNB,QB,35.0,16.0,16.0,346.0,540.0,4088.0,30.0,17.0,16.0,36.0,2.25,0.0,0.0,0.0,0.0,,0.0,4.0,1.0,0.0,255.1,6.0,2004,173.4
45.0,Jake Delhomme,CAR,QB,29.0,16.0,16.0,310.0,533.0,3886.0,29.0,15.0,25.0,71.0,2.84,1.0,0.0,0.0,0.0,,0.0,12.0,5.0,1.0,248.5,7.0,2004,195.9
50.0,Aaron Brooks,NOR,QB,28.0,16.0,16.0,309.0,542.0,3810.0,21.0,16.0,58.0,173.0,2.98,4.0,1.0,1.0,1.0,1.0,0.0,13.0,2.0,4.0,244.8,8.0,2004,169.4
59.0,Drew Brees,SDG,QB,25.0,15.0,15.0,262.0,400.0,3159.0,27.0,7.0,53.0,85.0,1.6,2.0,1.0,1.0,38.0,38.0,0.0,7.0,2.0,2.0,241.7,9.0,2004,209.9
61.0,Marc Bulger,STL,QB,27.0,14.0,14.0,321.0,485.0,3964.0,21.0,14.0,19.0,89.0,4.68,3.0,0.0,0.0,0.0,,0.0,5.0,4.0,3.0,235.5,10.0,2004,129.9
67.0,Tom Brady,NWE,QB,27.0,16.0,16.0,288.0,474.0,3692.0,28.0,14.0,43.0,28.0,0.65,0.0,0.0,0.0,0.0,,0.0,7.0,4.0,0.0,226.5,11.0,2004,249.3
75.0,Michael Vick,ATL,QB,24.0,15.0,15.0,181.0,321.0,2313.0,14.0,12.0,120.0,902.0,7.52,3.0,0.0,0.0,0.0,,0.0,16.0,7.0,3.0,218.7,12.0,2004,217.8
79.0,Matt Hasselbeck,SEA,QB,29.0,14.0,14.0,279.0,474.0,3382.0,22.0,15.0,27.0,90.0,3.33,1.0,0.0,0.0,0.0,,0.0,5.0,2.0,1.0,208.3,13.0,2004,230.8
80.0,David Carr,HOU,QB,25.0,16.0,16.0,285.0,466.0,3531.0,16.0,14.0,73.0,299.0,4.1,0.0,0.0,0.0,0.0,,0.0,10.0,3.0,0.0,201.1,14.0,2004,160.3
81.0,Joey Harrington,DET,QB,26.0,16.0,16.0,274.0,489.0,3047.0,19.0,12.0,48.0,175.0,3.65,0.0,0.0,0.0,0.0,,0.0,6.0,3.0,0.0,187.4,15.0,2004,105.4
82.0,Byron Leftwich,JAX,QB,24.0,14.0,14.0,267.0,441.0,2941.0,15.0,10.0,39.0,148.0,3.79,2.0,1.0,1.0,-7.0,-7.0,0.0,5.0,3.0,2.0,186.7,16.0,2004,147.6
83.0,Kerry Collins,OAK,QB,32.0,14.0,13.0,289.0,513.0,3495.0,21.0,20.0,16.0,36.0,2.25,0.0,0.0,0.0,0.0,,0.0,7.0,3.0,0.0,181.4,17.0,2004,208.3
86.0,Ben Roethlisberger,PIT,QB,22.0,14.0,13.0,196.0,295.0,2621.0,17.0,11.0,56.0,144.0,2.57,1.0,0.0,0.0,0.0,,0.0,2.0,2.0,1.0,167.2,20.0,2004,168.3
87.0,Drew Bledsoe,BUF,QB,32.0,16.0,16.0,256.0,450.0,2932.0,20.0,16.0,22.0,37.0,1.68,0.0,0.0,0.0,0.0,,0.0,9.0,5.0,0.0,159.0,21.0,2004,206.6
88.0,Carson Palmer,CIN,QB,25.0,13.0,13.0,263.0,432.0,2897.0,18.0,18.0,18.0,47.0,2.61,1.0,0.0,0.0,0.0,,0.0,2.0,2.0,1.0,158.6,22.0,2004,265.5
90.0,Brian Griese,TAM,QB,29.0,11.0,10.0,233.0,336.0,2632.0,20.0,12.0,30.0,17.0,0.57,0.0,1.0,1.0,-4.0,-4.0,0.0,6.0,4.0,0.0,155.6,24.0,2004,58.6
93.0,Kyle Boller,BAL,QB,23.0,16.0,16.0,258.0,464.0,2559.0,13.0,11.0,53.0,189.0,3.57,1.0,0.0,0.0,0.0,,0.0,11.0,7.0,1.0,145.3,25.0,2004,100.6
95.0,Josh McCown,ARI,QB,25.0,14.0,13.0,233.0,408.0,2511.0,11.0,10.0,36.0,112.0,3.11,2.0,1.0,1.0,-5.0,-5.0,0.0,12.0,5.0,2.0,140.1,26.0,2004,99.3
107.0,Jeff Garcia,CLE,QB,34.0,11.0,10.0,144.0,252.0,1731.0,10.0,9.0,35.0,169.0,4.83,2.0,0.0,0.0,0.0,,0.0,9.0,7.0,2.0,106.1,28.0,2004,48.6
108.0,Tim Rattay,SFO,QB,27.0,9.0,9.0,198.0,325.0,2169.0,10.0,10.0,12.0,55.0,4.58,0.0,0.0,0.0,0.0,,0.0,11.0,6.0,0.0,106.3,27.0,2004,34.5
120.0,Kurt Warner,NYG,QB,33.0,10.0,9.0,174.0,277.0,2054.0,6.0,4.0,13.0,30.0,2.31,1.0,0.0,0.0,0.0,,0.0,12.0,4.0,1.0,99.2,29.0,2004,130.3
131.0,Steve McNair,TEN,QB,31.0,8.0,8.0,129.0,215.0,1343.0,8.0,9.0,23.0,128.0,5.57,1.0,0.0,0.0,0.0,,0.0,5.0,3.0,1.0,82.5,32.0,2004,180.3
152.0,Mark Brunell,WAS,QB,34.0,9.0,9.0,118.0,237.0,1194.0,7.0,6.0,19.0,62.0,3.26,0.0,0.0,0.0,0.0,,0.0,6.0,3.0,0.0,66.0,33.0,2004,195.1
204.0,Eli Manning,NYG,QB,23.0,9.0,7.0,95.0,197.0,1043.0,6.0,9.0,6.0,35.0,5.83,0.0,0.0,0.0,0.0,,0.0,3.0,1.0,0.0,49.2,36.0,2004,224.5
209.0,Kelly Holcomb,CLE,QB,31.0,4.0,2.0,59.0,87.0,737.0,7.0,5.0,3.0,-2.0,-0.67,0.0,0.0,0.0,0.0,,0.0,1.0,,0.0,47.3,37.0,2004,81.5
246.0,David Garrard,JAX,QB,26.0,4.0,2.0,38.0,72.0,374.0,2.0,1.0,12.0,76.0,6.33,1.0,0.0,0.0,0.0,,0.0,0.0,,1.0,34.6,41.0,2004,93.9
247.0,Brad Johnson,TAM,QB,36.0,4.0,4.0,65.0,103.0,674.0,3.0,3.0,5.0,23.0,4.6,0.0,0.0,0.0,0.0,,0.0,2.0,1.0,0.0,35.3,40.0,2004,114.7
18.0,Carson Palmer,CIN,QB,26.0,16.0,16.0,345.0,509.0,3836.0,32.0,12.0,34.0,41.0,1.21,1.0,0.0,0.0,0.0,,0.0,5.0,2.0,1.0,265.5,1.0,2005,237.1
24.0,Tom Brady,NWE,QB,28.0,16.0,16.0,334.0,530.0,4110.0,26.0,14.0,27.0,89.0,3.3,1.0,0.0,0.0,0.0,,0.0,4.0,3.0,1.0,249.3,2.0,2005,219.4
25.0,Peyton Manning,IND,QB,29.0,16.0,16.0,305.0,453.0,3747.0,28.0,10.0,33.0,45.0,1.36,0.0,0.0,0.0,0.0,,0.0,5.0,1.0,0.0,246.4,3.0,2005,311.5
35.0,Matt Hasselbeck,SEA,QB,30.0,16.0,16.0,294.0,449.0,3459.0,24.0,9.0,36.0,124.0,3.44,1.0,0.0,0.0,0.0,,0.0,4.0,2.0,1.0,230.8,4.0,2005,148.7
45.0,Eli Manning,NYG,QB,24.0,16.0,16.0,294.0,557.0,3762.0,24.0,17.0,29.0,80.0,2.76,1.0,0.0,0.0,0.0,,0.0,9.0,2.0,1.0,224.5,5.0,2005,187.9
51.0,Jake Plummer,DEN,QB,31.0,16.0,16.0,277.0,456.0,3366.0,18.0,7.0,46.0,151.0,3.28,2.0,0.0,0.0,0.0,,0.0,4.0,2.0,2.0,217.7,6.0,2005,111.0
52.0,Michael Vick,ATL,QB,25.0,15.0,15.0,214.0,387.0,2412.0,15.0,13.0,102.0,597.0,5.85,6.0,1.0,1.0,-14.0,-14.0,0.0,11.0,5.0,6.0,217.8,7.0,2005,264.0
56.0,Trent Green,KAN,QB,35.0,16.0,16.0,317.0,507.0,4014.0,17.0,10.0,35.0,82.0,2.34,0.0,0.0,0.0,0.0,,0.0,8.0,4.0,0.0,210.8,8.0,2005,65.6
57.0,Drew Brees,SDG,QB,26.0,16.0,16.0,323.0,500.0,3576.0,24.0,15.0,21.0,49.0,2.33,1.0,1.0,0.0,0.0,,0.0,8.0,5.0,1.0,209.9,9.0,2005,259.9
63.0,Drew Bledsoe,DAL,QB,33.0,16.0,16.0,300.0,499.0,3639.0,23.0,17.0,34.0,50.0,1.47,2.0,0.0,0.0,0.0,,0.0,17.0,8.0,2.0,206.6,11.0,2005,71.4
77.0,Jake Delhomme,CAR,QB,30.0,16.0,16.0,262.0,435.0,3421.0,24.0,16.0,24.0,31.0,1.29,1.0,0.0,0.0,0.0,,0.0,12.0,7.0,1.0,195.9,12.0,2005,151.4
79.0,Mark Brunell,WAS,QB,35.0,16.0,15.0,262.0,454.0,3050.0,23.0,10.0,42.0,111.0,2.64,0.0,0.0,0.0,0.0,,0.0,11.0,6.0,0.0,195.1,13.0,2005,101.0
80.0,Steve McNair,TEN,QB,32.0,14.0,14.0,292.0,476.0,3161.0,16.0,11.0,32.0,139.0,4.34,1.0,0.0,0.0,0.0,,0.0,7.0,4.0,1.0,180.3,14.0,2005,177.9
81.0,Brett Favre,GNB,QB,36.0,16.0,16.0,372.0,607.0,3881.0,20.0,29.0,18.0,62.0,3.44,0.0,0.0,0.0,0.0,,0.0,10.0,7.0,0.0,173.4,15.0,2005,184.3
82.0,Aaron Brooks,NOR,QB,29.0,13.0,13.0,240.0,431.0,2882.0,13.0,17.0,45.0,281.0,6.24,2.0,0.0,0.0,0.0,,0.0,4.0,2.0,2.0,169.4,16.0,2005,46.6
83.0,Ben Roethlisberger,PIT,QB,23.0,12.0,12.0,168.0,268.0,2385.0,17.0,9.0,31.0,69.0,2.23,3.0,0.0,0.0,0.0,,0.0,2.0,1.0,3.0,168.3,17.0,2005,184.3
85.0,David Carr,HOU,QB,26.0,16.0,16.0,256.0,423.0,2488.0,14.0,11.0,56.0,308.0,5.5,1.0,0.0,0.0,0.0,,0.0,17.0,6.0,1.0,160.3,19.0,2005,152.2
86.0,Donovan McNabb,PHI,QB,29.0,9.0,9.0,211.0,357.0,2507.0,16.0,9.0,25.0,55.0,2.2,1.0,0.0,0.0,0.0,,0.0,8.0,3.0,1.0,153.8,20.0,2005,201.1
87.0,Byron Leftwich,JAX,QB,25.0,11.0,11.0,175.0,302.0,2123.0,15.0,5.0,31.0,67.0,2.16,2.0,0.0,0.0,0.0,,0.0,8.0,3.0,2.0,147.6,21.0,2005,80.5
90.0,Marc Bulger,STL,QB,28.0,8.0,8.0,192.0,287.0,2297.0,14.0,9.0,9.0,29.0,3.22,0.0,1.0,1.0,1.0,1.0,0.0,4.0,2.0,0.0,129.9,23.0,2005,252.4
91.0,Kurt Warner,ARI,QB,34.0,10.0,10.0,242.0,375.0,2713.0,11.0,9.0,13.0,28.0,2.15,0.0,1.0,1.0,0.0,0.0,0.0,9.0,5.0,0.0,130.3,22.0,2005,63.4
96.0,Brad Johnson,MIN,QB,37.0,15.0,9.0,184.0,294.0,1885.0,12.0,4.0,18.0,53.0,2.94,0.0,0.0,0.0,0.0,,0.0,5.0,3.0,0.0,114.7,24.0,2005,130.2
106.0,Joey Harrington,DET,QB,27.0,12.0,11.0,188.0,330.0,2021.0,12.0,12.0,24.0,80.0,3.33,0.0,1.0,1.0,-4.0,-4.0,0.0,7.0,4.0,0.0,105.4,25.0,2005,111.8
109.0,Kyle Boller,BAL,QB,24.0,9.0,9.0,171.0,293.0,1799.0,11.0,12.0,23.0,66.0,2.87,1.0,1.0,0.0,0.0,,0.0,8.0,2.0,1.0,100.6,28.0,2005,36.8
117.0,David Garrard,JAX,QB,27.0,7.0,5.0,98.0,168.0,1117.0,4.0,1.0,31.0,172.0,5.55,3.0,0.0,0.0,0.0,,0.0,4.0,1.0,3.0,93.9,30.0,2005,112.4
138.0,Daunte Culpepper,MIN,QB,28.0,7.0,7.0,139.0,216.0,1564.0,6.0,12.0,24.0,147.0,6.13,1.0,0.0,0.0,0.0,,0.0,5.0,3.0,1.0,79.3,33.0,2005,47.2
141.0,JP Losman,BUF,QB,24.0,9.0,8.0,113.0,228.0,1340.0,8.0,8.0,31.0,154.0,4.97,0.0,0.0,0.0,0.0,,0.0,7.0,3.0,0.0,79.0,35.0,2005,176.0
202.0,Charlie Frye,CLE,QB,24.0,7.0,5.0,98.0,164.0,1002.0,4.0,5.0,18.0,60.0,3.33,1.0,0.0,0.0,0.0,,0.0,7.0,4.0,1.0,50.1,40.0,2005,129.7
205.0,Jeff Garcia,DET,QB,35.0,6.0,5.0,102.0,173.0,937.0,3.0,6.0,17.0,51.0,3.0,1.0,0.0,0.0,0.0,,0.0,1.0,,1.0,48.6,41.0,2005,95.1
247.0,Tim Rattay,SFO,QB,28.0,4.0,4.0,56.0,97.0,667.0,5.0,6.0,7.0,18.0,2.57,0.0,0.0,0.0,0.0,,0.0,3.0,1.0,0.0,34.5,44.0,2005,40.2
4.0,Peyton Manning,IND,QB,30.0,16.0,16.0,362.0,557.0,4397.0,31.0,9.0,23.0,36.0,1.57,4.0,0.0,0.0,0.0,,0.0,2.0,1.0,4.0,311.5,1.0,2006,275.1
12.0,Drew Brees,NOR,QB,27.0,16.0,16.0,356.0,554.0,4418.0,26.0,11.0,42.0,32.0,0.76,0.0,0.0,0.0,0.0,,0.0,8.0,3.0,0.0,259.9,3.0,2006,259.1
15.0,Marc Bulger,STL,QB,29.0,16.0,16.0,370.0,588.0,4301.0,24.0,8.0,18.0,44.0,2.44,0.0,0.0,0.0,0.0,,0.0,6.0,3.0,0.0,252.4,4.0,2006,105.0
23.0,Carson Palmer,CIN,QB,27.0,16.0,16.0,324.0,520.0,4035.0,28.0,13.0,26.0,37.0,1.42,0.0,0.0,0.0,0.0,,0.0,15.0,7.0,0.0,237.1,5.0,2006,228.2
32.0,Tom Brady,NWE,QB,29.0,16.0,16.0,319.0,516.0,3529.0,24.0,12.0,49.0,102.0,2.08,0.0,0.0,0.0,0.0,,0.0,12.0,4.0,0.0,219.4,6.0,2006,390.0
34.0,Jon Kitna,DET,QB,34.0,16.0,16.0,372.0,596.0,4208.0,21.0,22.0,34.0,156.0,4.59,2.0,0.0,0.0,0.0,,0.0,11.0,9.0,2.0,217.9,7.0,2006,192.9
47.0,Philip Rivers,SDG,QB,25.0,16.0,16.0,284.0,460.0,3388.0,22.0,9.0,48.0,49.0,1.02,0.0,0.0,0.0,0.0,,0.0,8.0,2.0,0.0,208.4,8.0,2006,177.4
54.0,Vince Young,TEN,QB,23.0,15.0,13.0,184.0,357.0,2199.0,12.0,13.0,83.0,552.0,6.65,7.0,0.0,0.0,0.0,,0.0,12.0,3.0,7.0,203.2,9.0,2006,153.3
56.0,Donovan McNabb,PHI,QB,30.0,10.0,10.0,180.0,316.0,2647.0,18.0,6.0,32.0,212.0,6.63,3.0,0.0,0.0,0.0,,0.0,3.0,2.0,3.0,201.1,10.0,2006,206.6
71.0,Eli Manning,NYG,QB,25.0,16.0,16.0,301.0,522.0,3244.0,24.0,18.0,25.0,21.0,0.84,0.0,0.0,0.0,0.0,,0.0,9.0,2.0,0.0,187.9,11.0,2006,184.3
76.0,Ben Roethlisberger,PIT,QB,24.0,15.0,15.0,280.0,469.0,3513.0,18.0,23.0,32.0,98.0,3.06,2.0,0.0,0.0,0.0,,0.0,5.0,2.0,2.0,184.3,12.0,2006,260.6
79.0,Brett Favre,GNB,QB,37.0,16.0,16.0,343.0,613.0,3885.0,18.0,18.0,23.0,29.0,1.26,1.0,0.0,0.0,0.0,,0.0,8.0,8.0,1.0,184.3,13.0,2006,243.4
81.0,JP Losman,BUF,QB,25.0,16.0,16.0,268.0,429.0,3051.0,19.0,14.0,38.0,140.0,3.68,1.0,0.0,0.0,0.0,,0.0,13.0,7.0,1.0,176.0,15.0,2006,59.2
82.0,Chad Pennington,NYJ,QB,30.0,16.0,16.0,313.0,485.0,3352.0,17.0,16.0,35.0,109.0,3.11,0.0,1.0,0.0,7.0,,0.0,7.0,4.0,0.0,173.7,17.0,2006,101.8
83.0,Tony Romo,DAL,QB,26.0,16.0,10.0,220.0,337.0,2903.0,19.0,13.0,34.0,102.0,3.0,0.0,0.0,0.0,0.0,,0.0,9.0,3.0,0.0,174.3,16.0,2006,295.3
84.0,Rex Grossman,CHI,QB,26.0,16.0,16.0,262.0,480.0,3193.0,23.0,20.0,24.0,2.0,0.08,0.0,1.0,1.0,-4.0,-4.0,0.0,8.0,5.0,0.0,170.5,18.0,2006,55.1
89.0,Jake Delhomme,CAR,QB,31.0,13.0,13.0,263.0,431.0,2805.0,17.0,11.0,18.0,12.0,0.67,0.0,0.0,0.0,0.0,,0.0,6.0,4.0,0.0,151.4,21.0,2006,57.6
90.0,Matt Hasselbeck,SEA,QB,31.0,12.0,12.0,210.0,371.0,2442.0,18.0,15.0,18.0,110.0,6.11,0.0,0.0,0.0,0.0,,0.0,3.0,2.0,0.0,148.7,22.0,2006,249.5
106.0,David Garrard,JAX,QB,28.0,11.0,10.0,145.0,241.0,1735.0,10.0,9.0,47.0,250.0,5.32,0.0,0.0,0.0,0.0,,0.0,4.0,2.0,0.0,112.4,26.0,2006,188.9
107.0,Joey Harrington,MIA,QB,28.0,11.0,11.0,223.0,388.0,2236.0,12.0,15.0,19.0,24.0,1.26,0.0,0.0,0.0,0.0,,0.0,4.0,1.0,0.0,111.8,27.0,2006,105.3
112.0,Damon Huard,KAN,QB,33.0,10.0,8.0,148.0,244.0,1878.0,11.0,1.0,9.0,9.0,1.0,0.0,2.0,2.0,-6.0,-3.0,0.0,9.0,5.0,0.0,111.4,29.0,2006,102.2
125.0,Jeff Garcia,PHI,QB,36.0,8.0,6.0,116.0,188.0,1309.0,10.0,2.0,25.0,87.0,3.48,0.0,0.0,0.0,0.0,,0.0,6.0,2.0,0.0,95.1,31.0,2006,157.2
131.0,Jason Campbell,WAS,QB,25.0,7.0,7.0,110.0,207.0,1297.0,10.0,6.0,24.0,107.0,4.46,0.0,0.0,0.0,0.0,,0.0,1.0,,0.0,90.6,32.0,2006,146.5
166.0,Trent Green,KAN,QB,36.0,8.0,8.0,121.0,198.0,1342.0,7.0,9.0,19.0,59.0,3.11,0.0,0.0,0.0,0.0,,0.0,5.0,3.0,0.0,65.6,36.0,2006,46.7
169.0,Jay Cutler,DEN,QB,23.0,5.0,5.0,81.0,137.0,1001.0,9.0,5.0,12.0,18.0,1.5,0.0,0.0,0.0,0.0,,0.0,8.0,2.0,0.0,63.8,37.0,2006,210.4
173.0,Kurt Warner,ARI,QB,35.0,6.0,5.0,108.0,168.0,1377.0,6.0,5.0,13.0,3.0,0.23,0.0,0.0,0.0,0.0,,0.0,10.0,3.0,0.0,63.4,38.0,2006,204.2
205.0,Daunte Culpepper,MIA,QB,29.0,4.0,4.0,81.0,134.0,929.0,2.0,3.0,10.0,20.0,2.0,1.0,0.0,0.0,0.0,,0.0,3.0,,1.0,47.2,40.0,2006,79.2
229.0,Derek Anderson,CLE,QB,23.0,5.0,3.0,66.0,117.0,793.0,5.0,8.0,4.0,47.0,11.75,0.0,0.0,0.0,0.0,,0.0,2.0,1.0,0.0,38.4,44.0,2006,252.5
232.0,Kyle Boller,BAL,QB,25.0,5.0,0.0,33.0,55.0,485.0,5.0,2.0,22.0,34.0,1.55,0.0,0.0,0.0,0.0,,0.0,3.0,1.0,0.0,36.8,46.0,2006,86.6
10.0,Tony Romo,DAL,QB,27.0,16.0,16.0,335.0,520.0,4211.0,36.0,19.0,31.0,129.0,4.16,2.0,0.0,0.0,0.0,,0.0,10.0,2.0,2.0,295.3,2.0,2007,204.0
17.0,Peyton Manning,IND,QB,31.0,16.0,16.0,337.0,515.0,4040.0,31.0,14.0,20.0,-5.0,-0.25,3.0,0.0,0.0,0.0,,0.0,6.0,1.0,3.0,275.1,3.0,2007,254.2
24.0,Ben Roethlisberger,PIT,QB,25.0,15.0,15.0,264.0,404.0,3154.0,32.0,11.0,35.0,204.0,5.83,2.0,0.0,0.0,0.0,,0.0,9.0,3.0,2.0,260.6,4.0,2007,178.4
26.0,Drew Brees,NOR,QB,28.0,16.0,16.0,440.0,652.0,4423.0,28.0,18.0,23.0,52.0,2.26,1.0,2.0,2.0,10.0,5.0,0.0,9.0,4.0,1.0,259.1,5.0,2007,302.7
33.0,Derek Anderson,CLE,QB,24.0,16.0,15.0,298.0,527.0,3787.0,29.0,19.0,32.0,70.0,2.19,3.0,0.0,0.0,0.0,,0.0,5.0,2.0,3.0,252.5,6.0,2007,90.1
36.0,Matt Hasselbeck,SEA,QB,32.0,16.0,16.0,352.0,562.0,3966.0,28.0,12.0,39.0,89.0,2.28,0.0,0.0,0.0,0.0,,0.0,9.0,4.0,0.0,249.5,7.0,2007,55.5
41.0,Brett Favre,GNB,QB,38.0,16.0,16.0,356.0,535.0,4155.0,28.0,15.0,29.0,12.0,0.41,0.0,0.0,0.0,0.0,,0.0,9.0,3.0,0.0,243.4,8.0,2007,191.4
47.0,Carson Palmer,CIN,QB,28.0,16.0,16.0,373.0,575.0,4131.0,26.0,20.0,24.0,10.0,0.42,0.0,0.0,0.0,0.0,,0.0,5.0,1.0,0.0,228.2,9.0,2007,37.0
68.0,Jay Cutler,DEN,QB,24.0,16.0,16.0,297.0,467.0,3497.0,20.0,14.0,44.0,205.0,4.66,1.0,0.0,0.0,0.0,,0.0,11.0,4.0,1.0,210.4,10.0,2007,277.0
72.0,Donovan McNabb,PHI,QB,31.0,14.0,14.0,291.0,473.0,3324.0,19.0,7.0,50.0,236.0,4.72,0.0,0.0,0.0,0.0,,0.0,9.0,6.0,0.0,206.6,11.0,2007,243.3
77.0,Kurt Warner,ARI,QB,36.0,14.0,11.0,281.0,451.0,3417.0,27.0,17.0,17.0,15.0,0.88,1.0,0.0,0.0,0.0,,0.0,12.0,7.0,1.0,204.2,12.0,2007,263.1
79.0,Jon Kitna,DET,QB,35.0,16.0,16.0,355.0,561.0,4068.0,18.0,20.0,25.0,63.0,2.52,0.0,1.0,1.0,9.0,9.0,0.0,17.0,5.0,0.0,192.9,13.0,2007,41.7
80.0,David Garrard,JAX,QB,29.0,12.0,12.0,208.0,325.0,2509.0,18.0,3.0,49.0,185.0,3.78,1.0,0.0,0.0,0.0,,0.0,3.0,2.0,1.0,188.9,14.0,2007,215.4
81.0,Eli Manning,NYG,QB,26.0,16.0,16.0,297.0,529.0,3336.0,23.0,20.0,29.0,69.0,2.38,1.0,0.0,0.0,0.0,,0.0,13.0,7.0,1.0,184.3,15.0,2007,198.5
82.0,Philip Rivers,SDG,QB,26.0,16.0,16.0,277.0,460.0,3152.0,21.0,15.0,29.0,33.0,1.14,1.0,0.0,0.0,0.0,,0.0,11.0,6.0,1.0,177.4,16.0,2007,278.8
83.0,Jeff Garcia,TAM,QB,37.0,13.0,13.0,209.0,327.0,2440.0,13.0,4.0,35.0,116.0,3.31,1.0,0.0,0.0,0.0,,0.0,4.0,1.0,1.0,157.2,17.0,2007,163.3
85.0,Jason Campbell,WAS,QB,26.0,13.0,13.0,250.0,417.0,2700.0,12.0,11.0,36.0,185.0,5.14,1.0,0.0,0.0,0.0,,0.0,13.0,8.0,1.0,146.5,19.0,2007,199.6
88.0,Tarvaris Jackson,MIN,QB,24.0,12.0,12.0,171.0,294.0,1911.0,9.0,12.0,54.0,260.0,4.81,3.0,0.0,0.0,0.0,,0.0,5.0,3.0,3.0,130.4,20.0,2007,82.7
105.0,Sage Rosenfels,HOU,QB,29.0,9.0,5.0,154.0,240.0,1684.0,15.0,12.0,21.0,51.0,2.43,1.0,0.0,0.0,0.0,,0.0,4.0,3.0,1.0,110.5,22.0,2007,60.9
108.0,Matt Schaub,HOU,QB,26.0,11.0,11.0,192.0,289.0,2241.0,9.0,9.0,17.0,52.0,3.06,0.0,0.0,0.0,0.0,,0.0,7.0,3.0,0.0,106.8,23.0,2007,174.5
110.0,Marc Bulger,STL,QB,30.0,12.0,12.0,221.0,378.0,2392.0,11.0,15.0,9.0,13.0,1.44,0.0,0.0,0.0,0.0,,0.0,6.0,3.0,0.0,105.0,24.0,2007,126.6
113.0,Chad Pennington,NYJ,QB,31.0,9.0,8.0,179.0,260.0,1765.0,10.0,9.0,20.0,32.0,1.6,1.0,0.0,0.0,0.0,,0.0,5.0,1.0,1.0,101.8,27.0,2007,218.3
135.0,Brian Griese,CHI,QB,32.0,7.0,6.0,161.0,262.0,1803.0,10.0,12.0,13.0,28.0,2.15,0.0,0.0,0.0,0.0,,0.0,6.0,1.0,0.0,88.9,28.0,2007,46.8
143.0,Trent Edwards,BUF,QB,24.0,10.0,9.0,151.0,269.0,1630.0,7.0,8.0,14.0,49.0,3.5,0.0,0.0,0.0,0.0,,0.0,4.0,,0.0,82.1,30.0,2007,153.7
148.0,Daunte Culpepper,OAK,QB,30.0,7.0,6.0,108.0,186.0,1331.0,5.0,5.0,20.0,40.0,2.0,3.0,0.0,0.0,0.0,,0.0,9.0,3.0,3.0,79.2,31.0,2007,41.9
185.0,Jake Delhomme,CAR,QB,32.0,3.0,3.0,55.0,86.0,624.0,8.0,1.0,6.0,26.0,4.33,0.0,0.0,0.0,0.0,,0.0,1.0,,0.0,57.6,38.0,2007,177.6
226.0,Gus Frerotte,STL,QB,36.0,8.0,3.0,94.0,167.0,1014.0,7.0,12.0,6.0,3.0,0.5,0.0,0.0,0.0,0.0,,0.0,3.0,1.0,0.0,44.9,45.0,2007,111.0
231.0,Shaun Hill,SFO,QB,27.0,3.0,2.0,54.0,79.0,501.0,5.0,1.0,12.0,14.0,1.17,1.0,0.0,0.0,0.0,,0.0,3.0,1.0,1.0,43.4,46.0,2007,137.3
3.0,Drew Brees,NOR,QB,29.0,16.0,16.0,413.0,635.0,5069.0,34.0,17.0,22.0,-1.0,-0.05,0.0,0.0,0.0,0.0,,0.0,6.0,1.0,0.0,302.7,1.0,2008,295.4
11.0,Aaron Rodgers,GNB,QB,25.0,16.0,16.0,341.0,536.0,4038.0,28.0,13.0,56.0,207.0,3.7,4.0,0.0,0.0,0.0,,0.0,10.0,4.0,4.0,288.2,2.0,2008,343.0
14.0,Philip Rivers,SDG,QB,27.0,16.0,16.0,312.0,478.0,4009.0,34.0,11.0,31.0,84.0,2.71,0.0,0.0,0.0,0.0,,0.0,8.0,4.0,0.0,278.8,3.0,2008,269.2
15.0,Jay Cutler,DEN,QB,25.0,16.0,16.0,384.0,616.0,4526.0,25.0,18.0,57.0,200.0,3.51,2.0,0.0,0.0,0.0,,0.0,5.0,2.0,2.0,277.0,4.0,2008,227.9
23.0,Kurt Warner,ARI,QB,37.0,16.0,16.0,401.0,598.0,4583.0,30.0,14.0,18.0,-2.0,-0.11,0.0,0.0,0.0,0.0,,0.0,11.0,7.0,0.0,263.1,5.0,2008,215.1
27.0,Peyton Manning,IND,QB,32.0,16.0,16.0,371.0,555.0,4002.0,27.0,12.0,20.0,21.0,1.05,1.0,0.0,0.0,0.0,,0.0,1.0,,1.0,254.2,6.0,2008,278.7
30.0,Matt Cassel,NWE,QB,26.0,16.0,15.0,327.0,516.0,3693.0,21.0,11.0,73.0,270.0,3.7,2.0,0.0,0.0,0.0,,0.0,7.0,4.0,2.0,244.7,7.0,2008,161.9
35.0,Donovan McNabb,PHI,QB,32.0,16.0,16.0,345.0,571.0,3916.0,23.0,11.0,39.0,147.0,3.77,2.0,0.0,0.0,0.0,,0.0,7.0,5.0,2.0,243.3,8.0,2008,237.2
63.0,David Garrard,JAX,QB,30.0,16.0,16.0,335.0,535.0,3620.0,15.0,13.0,73.0,322.0,4.41,2.0,1.0,1.0,-6.0,-6.0,0.0,7.0,4.0,2.0,215.4,11.0,2008,220.2
79.0,Tony Romo,DAL,QB,28.0,13.0,13.0,276.0,450.0,3448.0,26.0,14.0,28.0,41.0,1.46,0.0,0.0,0.0,0.0,,0.0,13.0,7.0,0.0,204.0,12.0,2008,273.8
80.0,Jason Campbell,WAS,QB,27.0,16.0,16.0,315.0,506.0,3245.0,13.0,6.0,47.0,258.0,5.49,1.0,0.0,0.0,0.0,,0.0,7.0,1.0,1.0,199.6,13.0,2008,216.3
81.0,Eli Manning,NYG,QB,27.0,16.0,16.0,289.0,479.0,3238.0,21.0,10.0,20.0,10.0,0.5,1.0,0.0,0.0,0.0,,0.0,5.0,2.0,1.0,198.5,14.0,2008,231.3
82.0,Matt Ryan,ATL,QB,23.0,16.0,16.0,265.0,434.0,3440.0,16.0,11.0,55.0,104.0,1.89,1.0,0.0,0.0,0.0,,0.0,6.0,1.0,1.0,196.0,15.0,2008,183.5
83.0,Brett Favre,NYJ,QB,39.0,16.0,16.0,343.0,522.0,3472.0,22.0,22.0,21.0,43.0,2.05,1.0,0.0,0.0,2.0,,0.0,10.0,2.0,1.0,191.4,16.0,2008,281.6
84.0,Joe Flacco,BAL,QB,23.0,16.0,16.0,257.0,428.0,2971.0,14.0,12.0,52.0,180.0,3.46,2.0,1.0,1.0,43.0,43.0,0.0,11.0,2.0,2.0,184.1,17.0,2008,206.1
85.0,Kyle Orton,CHI,QB,26.0,15.0,15.0,272.0,465.0,2972.0,18.0,12.0,24.0,49.0,2.04,3.0,0.0,0.0,0.0,,0.0,6.0,5.0,3.0,181.8,18.0,2008,215.2
86.0,Jake Delhomme,CAR,QB,33.0,16.0,16.0,246.0,414.0,3288.0,15.0,12.0,20.0,21.0,1.05,2.0,0.0,0.0,0.0,,0.0,5.0,2.0,2.0,177.6,19.0,2008,78.6
87.0,Ben Roethlisberger,PIT,QB,26.0,16.0,16.0,281.0,469.0,3301.0,17.0,15.0,34.0,101.0,2.97,2.0,1.0,1.0,-7.0,-7.0,0.0,14.0,7.0,2.0,178.4,20.0,2008,267.3
88.0,Matt Schaub,HOU,QB,27.0,11.0,11.0,251.0,380.0,3043.0,15.0,10.0,31.0,68.0,2.19,2.0,0.0,0.0,0.0,,0.0,10.0,4.0,2.0,174.5,21.0,2008,280.5
90.0,Trent Edwards,BUF,QB,25.0,14.0,14.0,245.0,374.0,2699.0,11.0,10.0,36.0,117.0,3.25,3.0,0.0,0.0,0.0,,0.0,9.0,5.0,3.0,153.7,23.0,2008,67.4
91.0,Kerry Collins,TEN,QB,36.0,16.0,15.0,242.0,415.0,2676.0,12.0,7.0,25.0,49.0,1.96,0.0,0.0,0.0,0.0,,0.0,5.0,1.0,0.0,145.9,24.0,2008,60.5
95.0,Shaun Hill,SFO,QB,28.0,9.0,8.0,181.0,288.0,2046.0,13.0,8.0,24.0,115.0,4.79,2.0,0.0,0.0,0.0,,0.0,8.0,2.0,2.0,137.3,26.0,2008,58.7
102.0,Marc Bulger,STL,QB,31.0,15.0,15.0,251.0,440.0,2720.0,11.0,13.0,14.0,41.0,2.93,0.0,2.0,2.0,17.0,8.5,0.0,5.0,4.0,0.0,126.6,27.0,2008,67.0
105.0,Ryan Fitzpatrick,CIN,QB,26.0,13.0,12.0,221.0,372.0,1905.0,8.0,9.0,60.0,304.0,5.07,2.0,1.0,1.0,-3.0,-3.0,0.0,11.0,5.0,2.0,123.3,28.0,2008,89.0
124.0,Seneca Wallace,SEA,QB,28.0,10.0,8.0,141.0,242.0,1532.0,11.0,3.0,16.0,78.0,4.88,0.0,0.0,0.0,0.0,,0.0,4.0,3.0,0.0,101.1,30.0,2008,43.1
192.0,Matt Hasselbeck,SEA,QB,33.0,7.0,7.0,109.0,209.0,1216.0,5.0,10.0,11.0,69.0,6.27,0.0,0.0,0.0,0.0,,0.0,1.0,,0.0,55.5,36.0,2008,161.1
231.0,Daunte Culpepper,DET,QB,31.0,5.0,5.0,60.0,115.0,786.0,4.0,6.0,12.0,25.0,2.08,1.0,0.0,0.0,0.0,,0.0,5.0,1.0,1.0,41.9,38.0,2008,46.9
240.0,Carson Palmer,CIN,QB,29.0,4.0,4.0,75.0,129.0,731.0,3.0,4.0,6.0,38.0,6.33,0.0,0.0,0.0,0.0,,0.0,2.0,,0.0,37.0,40.0,2008,211.1
4.0,Aaron Rodgers,GNB,QB,26.0,16.0,16.0,350.0,541.0,4434.0,30.0,7.0,58.0,316.0,5.45,5.0,0.0,0.0,0.0,,0.0,10.0,4.0,5.0,343.0,1.0,2009,304.5
19.0,Drew Brees,NOR,QB,30.0,15.0,15.0,363.0,514.0,4388.0,34.0,11.0,22.0,33.0,1.5,2.0,1.0,1.0,-4.0,-4.0,0.0,10.0,6.0,2.0,295.4,2.0,2009,270.2
26.0,Brett Favre,MIN,QB,40.0,16.0,16.0,363.0,531.0,4202.0,33.0,7.0,9.0,7.0,0.78,0.0,1.0,1.0,-2.0,-2.0,0.0,2.0,3.0,0.0,281.6,3.0,2009,97.2
27.0,Matt Schaub,HOU,QB,28.0,16.0,16.0,396.0,583.0,4770.0,29.0,15.0,48.0,57.0,1.19,0.0,0.0,0.0,0.0,,0.0,3.0,2.0,0.0,280.5,4.0,2009,245.6
29.0,Peyton Manning,IND,QB,33.0,16.0,16.0,393.0,571.0,4500.0,33.0,16.0,19.0,-13.0,-0.68,0.0,0.0,0.0,0.0,,0.0,2.0,,0.0,278.7,5.0,2009,285.8
34.0,Tony Romo,DAL,QB,29.0,16.0,16.0,347.0,550.0,4483.0,26.0,9.0,35.0,105.0,3.0,1.0,0.0,0.0,0.0,,0.0,6.0,4.0,1.0,273.8,6.0,2009,99.1
38.0,Tom Brady,NWE,QB,32.0,16.0,16.0,371.0,565.0,4398.0,28.0,13.0,29.0,44.0,1.52,1.0,0.0,0.0,0.0,,0.0,4.0,2.0,1.0,270.3,7.0,2009,299.0
39.0,Philip Rivers,SDG,QB,28.0,16.0,16.0,317.0,486.0,4254.0,28.0,9.0,26.0,50.0,1.92,1.0,0.0,0.0,0.0,,0.0,6.0,3.0,1.0,269.2,8.0,2009,281.6
41.0,Ben Roethlisberger,PIT,QB,27.0,15.0,15.0,337.0,506.0,4328.0,26.0,12.0,40.0,82.0,2.05,2.0,0.0,0.0,0.0,,0.0,7.0,3.0,2.0,267.3,9.0,2009,209.6
66.0,Donovan McNabb,PHI,QB,33.0,14.0,14.0,267.0,443.0,3553.0,22.0,10.0,37.0,140.0,3.78,2.0,1.0,1.0,1.0,1.0,0.0,10.0,2.0,2.0,237.2,10.0,2009,174.2
70.0,Eli Manning,NYG,QB,28.0,16.0,16.0,317.0,509.0,4021.0,27.0,14.0,17.0,65.0,3.82,0.0,0.0,0.0,0.0,,0.0,13.0,8.0,0.0,231.3,11.0,2009,229.1
78.0,Jay Cutler,CHI,QB,26.0,16.0,16.0,336.0,555.0,3666.0,27.0,26.0,40.0,173.0,4.33,1.0,0.0,0.0,0.0,,0.0,9.0,1.0,1.0,227.9,12.0,2009,210.2
79.0,David Garrard,JAX,QB,31.0,16.0,16.0,314.0,516.0,3597.0,15.0,10.0,77.0,323.0,4.19,3.0,0.0,0.0,0.0,,0.0,14.0,8.0,3.0,220.2,13.0,2009,221.3
80.0,Jason Campbell,WAS,QB,28.0,16.0,16.0,327.0,507.0,3618.0,20.0,15.0,46.0,236.0,5.13,1.0,0.0,0.0,0.0,,0.0,13.0,4.0,1.0,216.3,14.0,2009,157.7
81.0,Kyle Orton,DEN,QB,27.0,16.0,15.0,336.0,541.0,3802.0,21.0,12.0,24.0,71.0,2.96,0.0,0.0,0.0,0.0,,0.0,4.0,2.0,0.0,215.2,15.0,2009,207.9
83.0,Carson Palmer,CIN,QB,30.0,16.0,16.0,282.0,466.0,3094.0,21.0,13.0,39.0,93.0,2.38,3.0,0.0,0.0,0.0,,0.0,6.0,1.0,3.0,211.1,17.0,2009,223.8
84.0,Joe Flacco,BAL,QB,24.0,16.0,16.0,315.0,499.0,3613.0,21.0,12.0,35.0,56.0,1.6,0.0,0.0,0.0,0.0,,0.0,8.0,2.0,0.0,206.1,18.0,2009,231.3
85.0,Matt Ryan,ATL,QB,24.0,14.0,14.0,263.0,451.0,2916.0,22.0,14.0,30.0,49.0,1.63,1.0,0.0,0.0,0.0,,0.0,5.0,2.0,1.0,183.5,19.0,2009,250.4
86.0,Matt Cassel,KAN,QB,27.0,15.0,15.0,271.0,493.0,2924.0,16.0,16.0,50.0,189.0,3.78,0.0,1.0,0.0,0.0,,0.0,14.0,4.0,0.0,161.9,20.0,2009,229.1
87.0,Matt Hasselbeck,SEA,QB,34.0,14.0,14.0,293.0,488.0,3029.0,17.0,17.0,26.0,119.0,4.58,0.0,0.0,0.0,0.0,,0.0,11.0,3.0,0.0,161.1,21.0,2009,148.0
90.0,Chad Henne,MIA,QB,24.0,14.0,13.0,274.0,451.0,2878.0,12.0,14.0,16.0,32.0,2.0,1.0,0.0,0.0,0.0,,0.0,4.0,,1.0,144.3,23.0,2009,155.2
94.0,Vince Young,TEN,QB,26.0,12.0,10.0,152.0,259.0,1879.0,10.0,7.0,55.0,281.0,5.11,2.0,0.0,0.0,0.0,,0.0,8.0,2.0,2.0,137.3,24.0,2009,88.7
97.0,Mark Sanchez,NYJ,QB,23.0,15.0,15.0,196.0,364.0,2444.0,12.0,20.0,36.0,106.0,2.94,3.0,0.0,0.0,0.0,,0.0,10.0,3.0,3.0,132.4,25.0,2009,202.1
102.0,Matthew Stafford,DET,QB,21.0,10.0,10.0,201.0,377.0,2267.0,13.0,20.0,20.0,108.0,5.4,2.0,0.0,0.0,0.0,,0.0,4.0,1.0,2.0,125.5,26.0,2009,50.5
119.0,Josh Freeman,TAM,QB,21.0,10.0,9.0,158.0,290.0,1855.0,10.0,18.0,30.0,161.0,5.37,0.0,1.0,0.0,1.0,,0.0,10.0,1.0,0.0,96.4,27.0,2009,258.4
130.0,Ryan Fitzpatrick,BUF,QB,27.0,10.0,8.0,127.0,227.0,1422.0,9.0,10.0,31.0,141.0,4.55,1.0,0.0,0.0,0.0,,0.0,3.0,2.0,1.0,89.0,28.0,2009,198.9
174.0,Bruce Gradkowski,OAK,QB,26.0,7.0,4.0,82.0,150.0,1007.0,6.0,3.0,18.0,108.0,6.0,0.0,0.0,0.0,0.0,,0.0,5.0,2.0,0.0,65.1,34.0,2009,50.5
182.0,Kerry Collins,TEN,QB,37.0,7.0,6.0,119.0,216.0,1225.0,6.0,8.0,11.0,15.0,1.36,1.0,0.0,0.0,0.0,,0.0,3.0,2.0,1.0,60.5,35.0,2009,109.0
189.0,Shaun Hill,SFO,QB,29.0,6.0,6.0,87.0,155.0,943.0,5.0,2.0,8.0,70.0,8.75,0.0,0.0,0.0,0.0,,0.0,3.0,1.0,0.0,58.7,36.0,2009,159.7
224.0,Kevin Kolb,PHI,QB,25.0,5.0,2.0,62.0,96.0,741.0,4.0,3.0,5.0,-1.0,-0.2,1.0,0.0,0.0,0.0,,0.0,2.0,1.0,1.0,43.5,38.0,2009,62.4
237.0,Seneca Wallace,SEA,QB,29.0,13.0,2.0,78.0,120.0,700.0,3.0,2.0,16.0,2.0,0.13,1.0,3.0,2.0,29.0,14.5,0.0,5.0,2.0,1.0,43.1,40.0,2009,42.6
12.0,Michael Vick,PHI,QB,30.0,12.0,12.0,233.0,372.0,3018.0,21.0,6.0,100.0,676.0,6.76,9.0,0.0,0.0,0.0,,0.0,11.0,3.0,9.0,310.3,1.0,2010,233.0
17.0,Aaron Rodgers,GNB,QB,27.0,15.0,15.0,312.0,475.0,3922.0,28.0,11.0,64.0,356.0,5.56,4.0,0.0,0.0,0.0,,0.0,4.0,1.0,4.0,304.5,2.0,2010,397.4
20.0,Tom Brady,NWE,QB,33.0,16.0,16.0,324.0,492.0,3900.0,36.0,4.0,31.0,30.0,0.97,1.0,0.0,0.0,0.0,,0.0,3.0,1.0,1.0,299.0,3.0,2010,366.3
28.0,Philip Rivers,SDG,QB,29.0,16.0,16.0,357.0,541.0,4710.0,30.0,13.0,29.0,52.0,1.79,0.0,0.0,0.0,0.0,,0.0,7.0,4.0,0.0,281.6,5.0,2010,254.6
37.0,Drew Brees,NOR,QB,31.0,16.0,16.0,448.0,658.0,4620.0,33.0,22.0,18.0,-3.0,-0.17,0.0,1.0,1.0,7.0,7.0,0.0,9.0,2.0,0.0,270.2,6.0,2010,393.6
43.0,Josh Freeman,TAM,QB,22.0,16.0,16.0,291.0,474.0,3451.0,25.0,6.0,68.0,364.0,5.35,0.0,0.0,0.0,0.0,,0.0,8.0,3.0,0.0,258.4,7.0,2010,205.1
50.0,Matt Ryan,ATL,QB,25.0,16.0,16.0,357.0,571.0,3705.0,28.0,9.0,46.0,122.0,2.65,0.0,0.0,0.0,0.0,,0.0,4.0,4.0,0.0,250.4,8.0,2010,273.5
53.0,Matt Schaub,HOU,QB,29.0,16.0,16.0,365.0,574.0,4370.0,24.0,12.0,22.0,28.0,1.27,0.0,0.0,0.0,0.0,,0.0,9.0,3.0,0.0,245.6,9.0,2010,158.1
72.0,Joe Flacco,BAL,QB,25.0,16.0,16.0,306.0,489.0,3622.0,25.0,10.0,43.0,84.0,1.95,1.0,0.0,0.0,0.0,,0.0,9.0,4.0,1.0,231.3,10.0,2010,203.4
74.0,Matt Cassel,KAN,QB,28.0,15.0,15.0,262.0,450.0,3116.0,27.0,7.0,33.0,125.0,3.79,0.0,0.0,0.0,0.0,,0.0,3.0,1.0,0.0,229.1,11.0,2010,97.0
75.0,Eli Manning,NYG,QB,29.0,16.0,16.0,339.0,539.0,4002.0,31.0,25.0,32.0,70.0,2.19,0.0,0.0,0.0,0.0,,0.0,7.0,6.0,0.0,229.1,12.0,2010,280.8
79.0,Carson Palmer,CIN,QB,31.0,16.0,16.0,362.0,586.0,3970.0,26.0,20.0,32.0,50.0,1.56,0.0,0.0,0.0,0.0,,0.0,7.0,3.0,0.0,223.8,13.0,2010,136.1
81.0,Jay Cutler,CHI,QB,27.0,15.0,15.0,261.0,432.0,3274.0,23.0,16.0,50.0,232.0,4.64,1.0,0.0,0.0,0.0,,0.0,10.0,6.0,1.0,210.2,15.0,2010,136.3
82.0,Ben Roethlisberger,PIT,QB,28.0,12.0,12.0,240.0,389.0,3200.0,17.0,5.0,34.0,176.0,5.18,2.0,0.0,0.0,0.0,,0.0,7.0,3.0,2.0,209.6,16.0,2010,216.1
83.0,Kyle Orton,DEN,QB,28.0,13.0,13.0,293.0,498.0,3653.0,20.0,9.0,22.0,98.0,4.45,0.0,0.0,0.0,0.0,,0.0,4.0,5.0,0.0,207.9,17.0,2010,85.6
84.0,Mark Sanchez,NYJ,QB,24.0,16.0,16.0,278.0,507.0,3291.0,17.0,13.0,30.0,105.0,3.5,3.0,0.0,0.0,0.0,,0.0,9.0,1.0,3.0,202.1,18.0,2010,237.3
85.0,Ryan Fitzpatrick,BUF,QB,28.0,13.0,13.0,255.0,441.0,3000.0,23.0,15.0,40.0,269.0,6.73,0.0,0.0,0.0,0.0,,0.0,8.0,5.0,0.0,198.9,19.0,2010,222.8
86.0,Sam Bradford,STL,QB,23.0,16.0,16.0,354.0,590.0,3512.0,18.0,15.0,27.0,63.0,2.33,1.0,0.0,0.0,0.0,,0.0,7.0,2.0,1.0,190.8,20.0,2010,89.2
87.0,Donovan McNabb,WAS,QB,34.0,13.0,13.0,275.0,472.0,3377.0,14.0,15.0,29.0,151.0,5.21,0.0,0.0,0.0,0.0,,0.0,10.0,1.0,0.0,174.2,21.0,2010,64.9
89.0,Jason Campbell,OAK,QB,29.0,13.0,12.0,194.0,329.0,2387.0,13.0,8.0,47.0,222.0,4.72,1.0,0.0,0.0,0.0,,0.0,9.0,1.0,1.0,157.7,23.0,2010,78.8
91.0,Chad Henne,MIA,QB,25.0,15.0,14.0,301.0,490.0,3301.0,15.0,19.0,35.0,52.0,1.49,0.0,0.0,0.0,0.0,,0.0,5.0,2.0,0.0,155.2,25.0,2010,59.9
92.0,Matt Hasselbeck,SEA,QB,35.0,14.0,14.0,266.0,444.0,3001.0,12.0,17.0,23.0,60.0,2.61,3.0,0.0,0.0,0.0,,0.0,7.0,5.0,3.0,148.0,26.0,2010,190.0
121.0,Tony Romo,DAL,QB,30.0,6.0,6.0,148.0,213.0,1605.0,11.0,7.0,6.0,38.0,6.33,0.0,0.0,0.0,11.0,,0.0,0.0,,0.0,99.1,29.0,2010,276.0
122.0,Tim Tebow,DEN,QB,23.0,9.0,3.0,41.0,82.0,654.0,5.0,3.0,43.0,227.0,5.28,6.0,0.0,0.0,0.0,,0.0,1.0,,6.0,98.9,30.0,2010,199.2
141.0,Colt McCoy,CLE,QB,24.0,8.0,8.0,135.0,222.0,1576.0,6.0,9.0,28.0,136.0,4.86,1.0,1.0,1.0,13.0,13.0,0.0,1.0,,1.0,90.9,33.0,2010,161.0
190.0,Kevin Kolb,PHI,QB,26.0,7.0,5.0,115.0,189.0,1197.0,7.0,7.0,15.0,65.0,4.33,0.0,0.0,0.0,0.0,,0.0,6.0,3.0,0.0,62.4,36.0,2010,98.7
212.0,Rex Grossman,WAS,QB,30.0,4.0,3.0,74.0,133.0,884.0,7.0,4.0,3.0,6.0,2.0,0.0,0.0,0.0,0.0,,0.0,4.0,4.0,0.0,52.0,39.0,2010,149.1
216.0,Matthew Stafford,DET,QB,22.0,3.0,3.0,57.0,96.0,535.0,6.0,1.0,4.0,11.0,2.75,1.0,0.0,0.0,0.0,,0.0,2.0,1.0,1.0,50.5,40.0,2010,343.3
1.0,Aaron Rodgers,GNB,QB,28.0,15.0,15.0,343.0,502.0,4643.0,45.0,6.0,60.0,257.0,4.28,3.0,0.0,0.0,0.0,,0.0,4.0,,3.0,397.4,1.0,2011,344.6
2.0,Drew Brees,NOR,QB,32.0,16.0,16.0,468.0,657.0,5476.0,46.0,14.0,21.0,86.0,4.1,1.0,0.0,0.0,0.0,,0.0,1.0,1.0,1.0,393.6,2.0,2011,345.6
5.0,Cam Newton,CAR,QB,22.0,16.0,16.0,310.0,517.0,4051.0,21.0,17.0,126.0,706.0,5.6,14.0,1.0,1.0,27.0,27.0,0.0,5.0,2.0,14.0,370.3,3.0,2011,323.5
7.0,Tom Brady,NWE,QB,34.0,16.0,16.0,401.0,611.0,5235.0,39.0,12.0,43.0,109.0,2.53,3.0,0.0,0.0,0.0,,0.0,6.0,2.0,3.0,366.3,4.0,2011,340.3
9.0,Matthew Stafford,DET,QB,23.0,16.0,16.0,421.0,663.0,5038.0,41.0,16.0,22.0,78.0,3.55,0.0,0.0,0.0,0.0,,0.0,5.0,1.0,0.0,343.3,5.0,2011,276.6
22.0,Eli Manning,NYG,QB,30.0,16.0,16.0,359.0,589.0,4933.0,29.0,16.0,35.0,15.0,0.43,1.0,0.0,0.0,0.0,,0.0,8.0,4.0,1.0,280.8,6.0,2011,232.9
25.0,Tony Romo,DAL,QB,31.0,16.0,16.0,346.0,522.0,4184.0,31.0,10.0,22.0,46.0,2.09,1.0,0.0,0.0,0.0,,0.0,6.0,3.0,1.0,276.0,7.0,2011,279.9
26.0,Matt Ryan,ATL,QB,26.0,16.0,16.0,347.0,566.0,4177.0,29.0,12.0,37.0,84.0,2.27,2.0,0.0,0.0,0.0,,0.0,5.0,3.0,2.0,273.5,8.0,2011,304.9
42.0,Philip Rivers,SDG,QB,30.0,16.0,16.0,366.0,582.0,4624.0,27.0,20.0,26.0,36.0,1.38,1.0,0.0,0.0,0.0,,0.0,9.0,5.0,1.0,254.6,9.0,2011,208.2
59.0,Mark Sanchez,NYJ,QB,25.0,16.0,16.0,308.0,543.0,3474.0,26.0,18.0,37.0,103.0,2.78,6.0,0.0,0.0,0.0,,0.0,10.0,8.0,6.0,237.3,10.0,2011,118.1
67.0,Michael Vick,PHI,QB,31.0,13.0,13.0,253.0,423.0,3303.0,18.0,14.0,76.0,589.0,7.75,1.0,0.0,0.0,0.0,,0.0,10.0,4.0,1.0,233.0,11.0,2011,151.7
79.0,Ryan Fitzpatrick,BUF,QB,29.0,16.0,16.0,353.0,569.0,3832.0,24.0,23.0,56.0,215.0,3.84,0.0,0.0,0.0,0.0,,0.0,7.0,2.0,0.0,222.8,12.0,2011,213.7
80.0,Ben Roethlisberger,PIT,QB,29.0,15.0,15.0,324.0,513.0,4077.0,21.0,14.0,31.0,70.0,2.26,0.0,0.0,0.0,0.0,,0.0,8.0,5.0,0.0,216.1,13.0,2011,223.8
82.0,Andy Dalton,CIN,QB,24.0,16.0,16.0,300.0,516.0,3398.0,20.0,13.0,37.0,152.0,4.11,1.0,1.0,0.0,0.0,,0.0,4.0,2.0,1.0,207.1,15.0,2011,250.8
83.0,Josh Freeman,TAM,QB,23.0,15.0,15.0,346.0,551.0,3592.0,16.0,22.0,55.0,238.0,4.33,4.0,1.0,0.0,-4.0,,0.0,9.0,5.0,4.0,205.1,16.0,2011,248.5
84.0,Joe Flacco,BAL,QB,26.0,16.0,16.0,312.0,542.0,3610.0,20.0,12.0,39.0,88.0,2.26,1.0,1.0,1.0,-8.0,-8.0,0.0,11.0,6.0,1.0,203.4,17.0,2011,234.9
86.0,Matt Hasselbeck,TEN,QB,36.0,16.0,16.0,319.0,518.0,3571.0,18.0,14.0,20.0,52.0,2.6,0.0,0.0,0.0,0.0,,0.0,4.0,1.0,0.0,190.0,19.0,2011,76.5
90.0,Matt Schaub,HOU,QB,30.0,10.0,10.0,178.0,292.0,2479.0,15.0,6.0,15.0,9.0,0.6,2.0,0.0,0.0,0.0,,0.0,3.0,1.0,2.0,158.1,23.0,2011,225.8
95.0,Jay Cutler,CHI,QB,28.0,10.0,10.0,182.0,314.0,2319.0,13.0,7.0,18.0,55.0,3.06,1.0,0.0,0.0,0.0,,0.0,7.0,3.0,1.0,136.3,25.0,2011,184.6
96.0,Carson Palmer,OAK,QB,32.0,10.0,9.0,199.0,328.0,2753.0,13.0,16.0,16.0,20.0,1.25,1.0,0.0,0.0,0.0,,0.0,2.0,1.0,1.0,136.1,26.0,2011,224.3
102.0,Christian Ponder,MIN,QB,23.0,11.0,10.0,158.0,291.0,1853.0,13.0,13.0,28.0,219.0,7.82,0.0,0.0,0.0,0.0,,0.0,6.0,2.0,0.0,118.0,27.0,2011,194.2
104.0,Blaine Gabbert,JAX,QB,22.0,15.0,14.0,210.0,413.0,2214.0,12.0,11.0,48.0,98.0,2.04,0.0,0.0,0.0,0.0,,0.0,14.0,4.0,0.0,116.4,28.0,2011,94.1
126.0,Kevin Kolb,ARI,QB,27.0,9.0,9.0,146.0,253.0,1955.0,9.0,8.0,17.0,65.0,3.82,0.0,0.0,0.0,0.0,,0.0,8.0,3.0,0.0,98.7,30.0,2011,84.8
128.0,Matt Cassel,KAN,QB,29.0,9.0,9.0,160.0,269.0,1713.0,10.0,9.0,25.0,99.0,3.96,0.0,1.0,1.0,-4.0,-4.0,0.0,5.0,2.0,0.0,97.0,31.0,2011,78.3
139.0,Sam Bradford,STL,QB,24.0,10.0,10.0,191.0,357.0,2164.0,6.0,6.0,18.0,26.0,1.44,0.0,0.0,0.0,0.0,,0.0,10.0,6.0,0.0,89.2,32.0,2011,230.5
190.0,Chad Henne,MIA,QB,26.0,4.0,4.0,64.0,112.0,868.0,4.0,4.0,15.0,112.0,7.47,1.0,0.0,0.0,0.0,,0.0,1.0,,1.0,59.9,37.0,2011,114.2
224.0,Jake Locker,TEN,QB,23.0,5.0,0.0,34.0,66.0,542.0,4.0,0.0,8.0,56.0,7.0,1.0,0.0,0.0,0.0,,0.0,0.0,,1.0,49.3,41.0,2011,132.1
10.0,Drew Brees,NOR,QB,33.0,16.0,16.0,422.0,670.0,5177.0,43.0,19.0,15.0,5.0,0.33,1.0,0.0,0.0,0.0,,0.0,5.0,1.0,1.0,345.6,1.0,2012,357.7
11.0,Aaron Rodgers,GNB,QB,29.0,16.0,16.0,371.0,552.0,4295.0,39.0,8.0,54.0,259.0,4.8,2.0,1.0,1.0,-1.0,-1.0,0.0,5.0,4.0,2.0,344.6,2.0,2012,169.4
12.0,Tom Brady,NWE,QB,35.0,16.0,16.0,401.0,637.0,4827.0,34.0,8.0,23.0,32.0,1.39,4.0,0.0,0.0,0.0,,0.0,2.0,0.0,4.0,340.3,3.0,2012,251.5
20.0,Cam Newton,CAR,QB,23.0,16.0,16.0,280.0,485.0,3869.0,19.0,12.0,127.0,741.0,5.83,8.0,1.0,0.0,6.0,,0.0,10.0,3.0,8.0,323.5,4.0,2012,297.7
22.0,Robert Griffin III,WAS,QB,22.0,15.0,15.0,258.0,393.0,3200.0,20.0,5.0,120.0,815.0,6.79,7.0,1.0,0.0,0.0,,0.0,12.0,2.0,7.0,317.5,5.0,2012,213.0
27.0,Peyton Manning,DEN,QB,36.0,16.0,16.0,400.0,583.0,4659.0,37.0,11.0,23.0,6.0,0.26,0.0,0.0,0.0,0.0,,0.0,2.0,2.0,0.0,311.0,6.0,2012,410.0
32.0,Matt Ryan,ATL,QB,27.0,16.0,16.0,422.0,615.0,4719.0,32.0,14.0,34.0,141.0,4.15,1.0,0.0,0.0,0.0,,0.0,3.0,2.0,1.0,304.9,7.0,2012,248.1
51.0,Tony Romo,DAL,QB,32.0,16.0,16.0,425.0,648.0,4903.0,28.0,19.0,30.0,49.0,1.63,1.0,1.0,1.0,-1.0,-1.0,0.0,6.0,3.0,1.0,279.9,8.0,2012,260.9
52.0,Russell Wilson,SEA,QB,24.0,16.0,16.0,252.0,393.0,3118.0,26.0,10.0,94.0,489.0,5.2,4.0,0.0,0.0,0.0,,0.0,6.0,3.0,4.0,277.6,9.0,2012,270.2
54.0,Andrew Luck,IND,QB,23.0,16.0,16.0,339.0,627.0,4374.0,23.0,18.0,62.0,255.0,4.11,5.0,0.0,0.0,0.0,,0.0,10.0,5.0,5.0,276.5,10.0,2012,292.6
55.0,Matthew Stafford,DET,QB,24.0,16.0,16.0,435.0,727.0,4967.0,20.0,17.0,35.0,126.0,3.6,4.0,1.0,1.0,3.0,3.0,0.0,6.0,4.0,4.0,276.6,11.0,2012,278.9
75.0,Andy Dalton,CIN,QB,25.0,16.0,16.0,329.0,528.0,3669.0,27.0,16.0,47.0,120.0,2.55,4.0,0.0,0.0,0.0,,0.0,4.0,4.0,4.0,250.8,12.0,2012,288.0
80.0,Joe Flacco,BAL,QB,27.0,16.0,16.0,317.0,531.0,3817.0,22.0,10.0,32.0,22.0,0.69,3.0,0.0,0.0,0.0,,0.0,9.0,4.0,3.0,234.9,14.0,2012,207.6
81.0,Eli Manning,NYG,QB,31.0,16.0,16.0,321.0,536.0,3948.0,26.0,15.0,20.0,30.0,1.5,0.0,0.0,0.0,0.0,,0.0,5.0,1.0,0.0,232.9,15.0,2012,170.3
82.0,Sam Bradford,STL,QB,25.0,16.0,16.0,328.0,551.0,3702.0,21.0,13.0,36.0,124.0,3.44,1.0,0.0,0.0,0.0,,0.0,7.0,1.0,1.0,230.5,16.0,2012,118.6
83.0,Matt Schaub,HOU,QB,31.0,16.0,16.0,350.0,544.0,4008.0,22.0,12.0,21.0,-9.0,-0.43,0.0,1.0,1.0,-6.0,-6.0,0.0,4.0,0.0,0.0,225.8,17.0,2012,104.8
84.0,Carson Palmer,OAK,QB,33.0,15.0,15.0,345.0,565.0,4018.0,22.0,14.0,18.0,36.0,2.0,1.0,0.0,0.0,0.0,,0.0,7.0,5.0,1.0,224.3,18.0,2012,217.3
85.0,Ben Roethlisberger,PIT,QB,30.0,13.0,13.0,284.0,449.0,3265.0,26.0,8.0,26.0,92.0,3.54,0.0,0.0,0.0,0.0,,0.0,6.0,3.0,0.0,223.8,19.0,2012,258.8
86.0,Ryan Fitzpatrick,BUF,QB,30.0,16.0,16.0,306.0,505.0,3400.0,24.0,16.0,48.0,197.0,4.1,1.0,0.0,0.0,0.0,,0.0,8.0,6.0,1.0,213.7,20.0,2012,167.7
87.0,Philip Rivers,SDG,QB,31.0,16.0,16.0,338.0,527.0,3606.0,26.0,15.0,27.0,40.0,1.48,0.0,1.0,0.0,0.0,,0.0,15.0,7.0,0.0,208.2,21.0,2012,287.4
88.0,Christian Ponder,MIN,QB,24.0,16.0,16.0,300.0,483.0,2935.0,18.0,12.0,60.0,253.0,4.22,2.0,1.0,1.0,-15.0,-15.0,0.0,7.0,5.0,2.0,194.2,22.0,2012,107.0
89.0,Jay Cutler,CHI,QB,29.0,15.0,15.0,255.0,434.0,3033.0,19.0,14.0,41.0,233.0,5.68,0.0,0.0,0.0,0.0,,0.0,8.0,4.0,0.0,184.6,23.0,2012,168.6
90.0,Ryan Tannehill,MIA,QB,24.0,16.0,16.0,282.0,484.0,3294.0,12.0,13.0,49.0,211.0,4.31,2.0,0.0,0.0,0.0,,0.0,9.0,4.0,2.0,182.9,24.0,2012,238.3
91.0,Colin Kaepernick,SFO,QB,25.0,13.0,7.0,136.0,218.0,1814.0,10.0,3.0,63.0,415.0,6.59,5.0,0.0,0.0,0.0,,0.0,9.0,2.0,5.0,174.1,25.0,2012,264.3
92.0,Brandon Weeden,CLE,QB,29.0,15.0,15.0,297.0,517.0,3385.0,14.0,17.0,27.0,111.0,4.11,0.0,1.0,0.0,-9.0,,0.0,6.0,1.0,0.0,165.6,26.0,2012,89.6
93.0,Michael Vick,PHI,QB,32.0,10.0,10.0,204.0,351.0,2362.0,12.0,10.0,62.0,332.0,5.35,1.0,0.0,0.0,0.0,,0.0,11.0,5.0,1.0,151.7,27.0,2012,101.0
94.0,Jake Locker,TEN,QB,24.0,11.0,11.0,177.0,314.0,2176.0,10.0,11.0,41.0,291.0,7.1,1.0,1.0,0.0,0.0,,0.0,4.0,4.0,1.0,132.1,28.0,2012,99.7
102.0,Chad Henne,JAX,QB,27.0,10.0,6.0,166.0,308.0,2084.0,11.0,11.0,19.0,64.0,3.37,1.0,0.0,1.0,-6.0,-6.0,0.0,4.0,2.0,1.0,114.2,31.0,2012,161.3
155.0,Matt Cassel,KAN,QB,30.0,9.0,8.0,161.0,277.0,1796.0,6.0,12.0,27.0,145.0,5.37,1.0,0.0,0.0,0.0,,0.0,9.0,7.0,1.0,78.3,35.0,2012,108.0
222.0,Mohamed Sanu,CIN,QB,23.0,9.0,3.0,1.0,1.0,73.0,1.0,0.0,5.0,15.0,3.0,0.0,25.0,16.0,154.0,9.63,4.0,0.0,0.0,4.0,63.8,37.0,2012,105.1
3.0,Peyton Manning,DEN,QB,37.0,16.0,16.0,450.0,659.0,5477.0,55.0,10.0,32.0,-31.0,-0.97,1.0,0.0,0.0,0.0,,0.0,10.0,6.0,1.0,410.0,1.0,2013,312.7
11.0,Drew Brees,NOR,QB,34.0,16.0,16.0,446.0,650.0,5162.0,39.0,12.0,35.0,52.0,1.49,3.0,0.0,0.0,0.0,,0.0,6.0,2.0,3.0,357.7,2.0,2013,304.0
40.0,Cam Newton,CAR,QB,24.0,16.0,16.0,292.0,473.0,3379.0,24.0,13.0,111.0,585.0,5.27,6.0,0.0,0.0,0.0,,0.0,3.0,1.0,6.0,297.7,3.0,2013,249.0
43.0,Andrew Luck,IND,QB,24.0,16.0,16.0,343.0,570.0,3822.0,23.0,9.0,63.0,377.0,5.98,4.0,0.0,0.0,0.0,,0.0,6.0,2.0,4.0,292.6,4.0,2013,351.7
45.0,Andy Dalton,CIN,QB,26.0,16.0,16.0,363.0,586.0,4293.0,33.0,20.0,61.0,183.0,3.0,2.0,0.0,0.0,0.0,,0.0,4.0,3.0,2.0,288.0,5.0,2013,225.6
47.0,Philip Rivers,SDG,QB,32.0,16.0,16.0,378.0,544.0,4478.0,32.0,11.0,28.0,72.0,2.57,0.0,1.0,0.0,-9.0,,0.0,3.0,2.0,0.0,287.4,6.0,2013,265.6
52.0,Matthew Stafford,DET,QB,25.0,16.0,16.0,371.0,634.0,4650.0,29.0,19.0,37.0,69.0,1.86,2.0,0.0,0.0,0.0,,0.0,12.0,4.0,2.0,278.9,7.0,2013,251.6
62.0,Russell Wilson,SEA,QB,25.0,16.0,16.0,257.0,407.0,3357.0,26.0,9.0,96.0,539.0,5.61,1.0,0.0,0.0,0.0,,0.0,10.0,5.0,1.0,270.2,8.0,2013,330.6
68.0,Colin Kaepernick,SFO,QB,26.0,16.0,16.0,243.0,416.0,3197.0,21.0,8.0,92.0,524.0,5.7,4.0,0.0,0.0,0.0,,0.0,6.0,4.0,4.0,264.3,9.0,2013,250.7
71.0,Tony Romo,DAL,QB,33.0,15.0,15.0,342.0,535.0,3828.0,31.0,10.0,20.0,38.0,1.9,0.0,0.0,0.0,0.0,,0.0,4.0,1.0,0.0,260.9,10.0,2013,266.3
79.0,Ben Roethlisberger,PIT,QB,31.0,16.0,16.0,375.0,584.0,4261.0,28.0,14.0,27.0,99.0,3.67,1.0,0.0,0.0,5.0,,0.0,9.0,6.0,1.0,258.8,12.0,2013,306.2
81.0,Tom Brady,NWE,QB,36.0,16.0,16.0,380.0,628.0,4343.0,25.0,11.0,32.0,18.0,0.56,0.0,0.0,0.0,0.0,,0.0,9.0,3.0,0.0,251.5,14.0,2013,278.1
82.0,Matt Ryan,ATL,QB,28.0,16.0,16.0,439.0,651.0,4515.0,26.0,17.0,17.0,55.0,3.24,0.0,0.0,0.0,0.0,,0.0,5.0,4.0,0.0,248.1,15.0,2013,284.3
83.0,Ryan Tannehill,MIA,QB,25.0,16.0,16.0,355.0,588.0,3913.0,24.0,17.0,40.0,238.0,5.95,1.0,0.0,0.0,0.0,,0.0,9.0,5.0,1.0,238.3,16.0,2013,279.5
84.0,Carson Palmer,ARI,QB,34.0,16.0,16.0,362.0,572.0,4274.0,24.0,22.0,27.0,3.0,0.11,0.0,0.0,0.0,0.0,,0.0,6.0,3.0,0.0,217.3,17.0,2013,103.5
85.0,Robert Griffin III,WAS,QB,23.0,13.0,13.0,274.0,456.0,3203.0,16.0,12.0,86.0,489.0,5.69,0.0,0.0,0.0,0.0,,0.0,11.0,4.0,0.0,213.0,18.0,2013,87.4
86.0,Joe Flacco,BAL,QB,28.0,16.0,16.0,362.0,614.0,3912.0,19.0,22.0,27.0,131.0,4.85,1.0,0.0,0.0,0.0,,0.0,8.0,2.0,1.0,207.6,19.0,2013,262.4
87.0,Geno Smith,NYJ,QB,23.0,16.0,16.0,247.0,443.0,3046.0,12.0,21.0,72.0,366.0,5.08,6.0,1.0,1.0,13.0,13.0,0.0,8.0,4.0,6.0,194.7,20.0,2013,150.8
88.0,Eli Manning,NYG,QB,32.0,16.0,16.0,317.0,551.0,3818.0,18.0,27.0,18.0,36.0,2.0,0.0,0.0,0.0,0.0,,0.0,7.0,2.0,0.0,170.3,21.0,2013,269.5
89.0,Jay Cutler,CHI,QB,30.0,11.0,11.0,224.0,355.0,2621.0,19.0,12.0,23.0,118.0,5.13,0.0,0.0,0.0,0.0,,0.0,5.0,3.0,0.0,168.6,23.0,2013,255.6
90.0,Aaron Rodgers,GNB,QB,30.0,9.0,9.0,193.0,290.0,2536.0,17.0,6.0,30.0,120.0,4.0,0.0,0.0,0.0,0.0,,0.0,4.0,0.0,0.0,169.4,22.0,2013,354.1
91.0,Ryan Fitzpatrick,TEN,QB,31.0,11.0,9.0,217.0,350.0,2454.0,14.0,12.0,43.0,225.0,5.23,3.0,1.0,1.0,0.0,0.0,0.0,9.0,2.0,3.0,167.7,24.0,2013,179.7
93.0,Mike Glennon,TAM,QB,24.0,13.0,13.0,247.0,416.0,2608.0,19.0,9.0,27.0,37.0,1.37,0.0,0.0,0.0,0.0,,0.0,7.0,4.0,0.0,158.0,26.0,2013,89.6
95.0,Josh McCown,CHI,QB,34.0,8.0,5.0,149.0,224.0,1829.0,13.0,1.0,13.0,69.0,5.31,1.0,0.0,0.0,0.0,,0.0,3.0,1.0,1.0,136.1,28.0,2013,126.9
96.0,EJ Manuel,BUF,QB,23.0,10.0,10.0,180.0,306.0,1972.0,11.0,9.0,53.0,186.0,3.51,2.0,0.0,0.0,0.0,,0.0,6.0,3.0,2.0,133.5,29.0,2013,58.7
126.0,Michael Vick,PHI,QB,33.0,7.0,6.0,77.0,141.0,1215.0,5.0,3.0,36.0,306.0,8.5,2.0,0.0,0.0,-2.0,,0.0,4.0,2.0,2.0,101.0,36.0,2013,43.5
127.0,Jake Locker,TEN,QB,25.0,7.0,7.0,111.0,183.0,1256.0,8.0,4.0,24.0,155.0,6.46,2.0,0.0,0.0,0.0,,0.0,3.0,1.0,2.0,99.7,37.0,2013,63.9
13.0,Aaron Rodgers,GNB,QB,31.0,16.0,16.0,341.0,520.0,4381.0,38.0,5.0,43.0,269.0,6.26,2.0,0.0,0.0,0.0,,0.0,10.0,2.0,2.0,354.1,1.0,2014,301.2
14.0,Andrew Luck,IND,QB,25.0,16.0,16.0,380.0,616.0,4761.0,40.0,16.0,64.0,273.0,4.27,3.0,0.0,0.0,0.0,,0.0,13.0,6.0,3.0,351.7,2.0,2014,130.8
22.0,Russell Wilson,SEA,QB,26.0,16.0,16.0,285.0,452.0,3475.0,20.0,7.0,118.0,849.0,7.19,6.0,1.0,1.0,17.0,17.0,0.0,11.0,0.0,6.0,330.6,3.0,2014,336.3
32.0,Peyton Manning,DEN,QB,38.0,16.0,16.0,395.0,597.0,4727.0,39.0,15.0,24.0,-24.0,-1.0,0.0,0.0,0.0,0.0,,0.0,5.0,2.0,0.0,312.7,4.0,2014,91.4
37.0,Ben Roethlisberger,PIT,QB,32.0,16.0,16.0,408.0,608.0,4952.0,32.0,9.0,33.0,27.0,0.82,0.0,0.0,0.0,-6.0,,0.0,9.0,5.0,0.0,306.2,5.0,2014,228.1
39.0,Drew Brees,NOR,QB,35.0,16.0,16.0,456.0,659.0,4952.0,33.0,17.0,27.0,68.0,2.52,1.0,1.0,1.0,1.0,1.0,0.0,7.0,3.0,1.0,304.0,6.0,2014,304.2
54.0,Matt Ryan,ATL,QB,29.0,16.0,16.0,415.0,628.0,4694.0,28.0,14.0,29.0,145.0,5.0,0.0,0.0,0.0,0.0,,0.0,5.0,2.0,0.0,284.3,7.0,2014,233.9
61.0,Ryan Tannehill,MIA,QB,26.0,16.0,16.0,392.0,590.0,4045.0,27.0,12.0,56.0,311.0,5.55,1.0,1.0,1.0,-4.0,-4.0,0.0,9.0,2.0,1.0,279.5,8.0,2014,258.3
62.0,Tom Brady,NWE,QB,37.0,16.0,16.0,373.0,582.0,4109.0,33.0,9.0,36.0,57.0,1.58,0.0,0.0,0.0,0.0,,0.0,6.0,3.0,0.0,278.1,9.0,2014,344.7
69.0,Eli Manning,NYG,QB,33.0,16.0,16.0,379.0,601.0,4410.0,30.0,14.0,12.0,31.0,2.58,1.0,0.0,0.0,0.0,,0.0,7.0,4.0,1.0,269.5,10.0,2014,287.4
73.0,Tony Romo,DAL,QB,34.0,15.0,15.0,304.0,435.0,3705.0,34.0,9.0,26.0,61.0,2.35,0.0,0.0,0.0,0.0,,0.0,7.0,3.0,0.0,266.3,11.0,2014,40.7
75.0,Philip Rivers,SDG,QB,33.0,16.0,16.0,379.0,570.0,4286.0,31.0,18.0,37.0,102.0,2.76,0.0,0.0,0.0,0.0,,0.0,8.0,2.0,0.0,265.6,12.0,2014,284.5
79.0,Joe Flacco,BAL,QB,29.0,16.0,16.0,344.0,554.0,3986.0,27.0,12.0,39.0,70.0,1.79,2.0,0.0,0.0,0.0,,0.0,5.0,0.0,2.0,262.4,13.0,2014,161.9
80.0,Jay Cutler,CHI,QB,31.0,15.0,15.0,370.0,561.0,3812.0,28.0,18.0,39.0,191.0,4.9,2.0,0.0,0.0,0.0,,0.0,12.0,6.0,2.0,255.6,14.0,2014,226.5
81.0,Matthew Stafford,DET,QB,26.0,16.0,16.0,363.0,602.0,4257.0,22.0,12.0,43.0,93.0,2.16,2.0,0.0,0.0,0.0,,0.0,8.0,3.0,2.0,251.6,15.0,2014,290.8
82.0,Colin Kaepernick,SFO,QB,27.0,16.0,16.0,289.0,478.0,3369.0,19.0,10.0,104.0,639.0,6.14,1.0,0.0,0.0,0.0,,0.0,8.0,5.0,1.0,250.7,16.0,2014,110.2
83.0,Cam Newton,CAR,QB,25.0,14.0,14.0,262.0,448.0,3127.0,18.0,12.0,103.0,539.0,5.23,5.0,0.0,0.0,0.0,,0.0,9.0,5.0,5.0,249.0,17.0,2014,389.1
84.0,Andy Dalton,CIN,QB,27.0,16.0,16.0,309.0,481.0,3398.0,19.0,17.0,60.0,169.0,2.82,4.0,1.0,1.0,18.0,18.0,1.0,3.0,2.0,5.0,225.6,18.0,2014,244.2
86.0,Derek Carr,OAK,QB,23.0,16.0,16.0,348.0,599.0,3270.0,21.0,12.0,29.0,92.0,3.17,0.0,1.0,0.0,0.0,,0.0,10.0,4.0,0.0,192.0,20.0,2014,271.3
87.0,Teddy Bridgewater,MIN,QB,22.0,13.0,12.0,259.0,402.0,2919.0,14.0,12.0,47.0,209.0,4.45,1.0,0.0,0.0,0.0,,0.0,3.0,0.0,1.0,179.7,22.0,2014,200.4
88.0,Ryan Fitzpatrick,HOU,QB,32.0,12.0,12.0,197.0,312.0,2483.0,17.0,8.0,50.0,184.0,3.68,2.0,0.0,0.0,0.0,,0.0,5.0,1.0,2.0,179.7,21.0,2014,285.2
90.0,Blake Bortles,JAX,QB,22.0,14.0,13.0,280.0,475.0,2908.0,11.0,17.0,56.0,419.0,7.48,0.0,0.0,0.0,0.0,,0.0,7.0,1.0,0.0,168.2,24.0,2014,316.1
91.0,Brian Hoyer,CLE,QB,29.0,14.0,13.0,242.0,438.0,3326.0,12.0,13.0,24.0,39.0,1.63,0.0,0.0,0.0,0.0,,0.0,4.0,1.0,0.0,156.9,25.0,2014,166.6
94.0,Josh McCown,TAM,QB,35.0,11.0,11.0,184.0,327.0,2206.0,11.0,14.0,25.0,127.0,5.08,3.0,0.0,0.0,0.0,,0.0,10.0,4.0,3.0,126.9,28.0,2014,132.2
96.0,Nick Foles,PHI,QB,25.0,8.0,8.0,186.0,311.0,2163.0,13.0,10.0,16.0,68.0,4.25,0.0,0.0,0.0,0.0,,0.0,4.0,3.0,0.0,119.3,29.0,2014,96.1
119.0,Carson Palmer,ARI,QB,35.0,6.0,6.0,141.0,224.0,1626.0,11.0,3.0,8.0,25.0,3.13,0.0,1.0,0.0,0.0,,0.0,3.0,1.0,0.0,103.5,31.0,2014,309.2
140.0,Kirk Cousins,WAS,QB,26.0,6.0,5.0,126.0,204.0,1710.0,10.0,9.0,7.0,20.0,2.86,0.0,0.0,0.0,0.0,,0.0,2.0,2.0,0.0,88.4,35.0,2014,293.4
168.0,Zach Mettenberger,TEN,QB,23.0,7.0,6.0,107.0,179.0,1412.0,8.0,7.0,5.0,4.0,0.8,0.0,0.0,0.0,0.0,,0.0,4.0,2.0,0.0,70.9,38.0,2014,42.2
5.0,Cam Newton,CAR,QB,26.0,16.0,16.0,296.0,495.0,3837.0,35.0,10.0,132.0,636.0,4.82,10.0,0.0,0.0,0.0,,0.0,5.0,4.0,10.0,389.1,1.0,2015,254.3
20.0,Tom Brady,NWE,QB,38.0,16.0,16.0,402.0,624.0,4770.0,36.0,7.0,34.0,53.0,1.56,3.0,1.0,1.0,36.0,36.0,0.0,6.0,2.0,3.0,344.7,2.0,2015,258.6
24.0,Russell Wilson,SEA,QB,27.0,16.0,16.0,329.0,483.0,4024.0,34.0,8.0,103.0,553.0,5.37,1.0,0.0,0.0,0.0,,0.0,7.0,3.0,1.0,336.3,3.0,2015,270.1
39.0,Blake Bortles,JAX,QB,23.0,16.0,16.0,355.0,606.0,4428.0,35.0,18.0,52.0,310.0,5.96,2.0,0.0,0.0,0.0,,0.0,14.0,5.0,2.0,316.1,4.0,2015,271.1
47.0,Carson Palmer,ARI,QB,36.0,16.0,16.0,342.0,537.0,4671.0,35.0,11.0,25.0,24.0,0.96,1.0,0.0,0.0,0.0,,0.0,6.0,2.0,1.0,309.2,5.0,2015,243.1
49.0,Drew Brees,NOR,QB,36.0,15.0,15.0,428.0,627.0,4870.0,32.0,11.0,24.0,14.0,0.58,1.0,0.0,0.0,0.0,,0.0,5.0,2.0,1.0,304.2,6.0,2015,332.3
53.0,Aaron Rodgers,GNB,QB,32.0,16.0,16.0,347.0,572.0,3821.0,31.0,8.0,58.0,344.0,5.93,1.0,0.0,0.0,0.0,,0.0,8.0,4.0,1.0,301.2,7.0,2015,380.0
64.0,Kirk Cousins,WAS,QB,27.0,16.0,16.0,379.0,543.0,4166.0,29.0,11.0,26.0,48.0,1.85,5.0,0.0,0.0,0.0,,0.0,9.0,3.0,5.0,293.4,8.0,2015,300.3
67.0,Matthew Stafford,DET,QB,27.0,16.0,16.0,398.0,592.0,4262.0,32.0,13.0,44.0,159.0,3.61,1.0,1.0,1.0,-6.0,-6.0,0.0,4.0,2.0,1.0,290.8,9.0,2015,279.8
70.0,Eli Manning,NYG,QB,34.0,16.0,16.0,387.0,618.0,4432.0,35.0,14.0,20.0,61.0,3.05,0.0,0.0,0.0,0.0,,0.0,11.0,4.0,0.0,287.4,10.0,2015,224.2
73.0,Ryan Fitzpatrick,NYJ,QB,33.0,16.0,16.0,335.0,562.0,3905.0,31.0,15.0,60.0,270.0,4.5,2.0,0.0,0.0,0.0,,0.0,5.0,2.0,2.0,285.2,11.0,2015,133.4
76.0,Philip Rivers,SDG,QB,34.0,16.0,16.0,437.0,661.0,4792.0,29.0,13.0,17.0,28.0,1.65,0.0,0.0,0.0,0.0,,0.0,4.0,2.0,0.0,284.5,12.0,2015,258.9
79.0,Jameis Winston,TAM,QB,21.0,16.0,16.0,312.0,535.0,4042.0,22.0,15.0,54.0,213.0,3.94,6.0,0.0,0.0,0.0,,0.0,6.0,2.0,6.0,275.0,13.0,2015,256.1
80.0,Derek Carr,OAK,QB,24.0,16.0,16.0,350.0,573.0,3987.0,32.0,13.0,33.0,138.0,4.18,0.0,0.0,0.0,0.0,,0.0,10.0,3.0,0.0,271.3,14.0,2015,268.5
82.0,Tyrod Taylor,BUF,QB,26.0,14.0,14.0,242.0,380.0,3035.0,20.0,6.0,104.0,568.0,5.46,4.0,1.0,1.0,4.0,4.0,0.0,9.0,1.0,4.0,271.6,16.0,2015,270.9
83.0,Ryan Tannehill,MIA,QB,27.0,16.0,16.0,363.0,586.0,4208.0,24.0,12.0,32.0,141.0,4.41,1.0,1.0,1.0,9.0,9.0,0.0,10.0,3.0,1.0,258.3,17.0,2015,190.2
84.0,Andy Dalton,CIN,QB,28.0,13.0,13.0,255.0,386.0,3250.0,25.0,7.0,57.0,142.0,2.49,3.0,0.0,0.0,0.0,,0.0,5.0,2.0,3.0,244.2,18.0,2015,260.6
85.0,Matt Ryan,ATL,QB,30.0,16.0,16.0,407.0,614.0,4591.0,21.0,16.0,36.0,63.0,1.75,0.0,0.0,0.0,0.0,,0.0,12.0,5.0,0.0,233.9,19.0,2015,347.5
86.0,Ben Roethlisberger,PIT,QB,33.0,12.0,11.0,319.0,469.0,3938.0,21.0,16.0,15.0,29.0,1.93,0.0,0.0,0.0,-3.0,,0.0,2.0,0.0,0.0,228.1,20.0,2015,252.2
87.0,Jay Cutler,CHI,QB,32.0,15.0,15.0,311.0,483.0,3659.0,21.0,11.0,38.0,201.0,5.29,1.0,0.0,0.0,0.0,,0.0,8.0,5.0,1.0,226.5,21.0,2015,46.8
88.0,Marcus Mariota,TEN,QB,22.0,12.0,12.0,230.0,370.0,2818.0,19.0,10.0,34.0,252.0,7.41,2.0,1.0,1.0,41.0,41.0,1.0,10.0,6.0,3.0,211.0,22.0,2015,259.9
90.0,Sam Bradford,PHI,QB,28.0,14.0,14.0,346.0,532.0,3725.0,19.0,14.0,26.0,39.0,1.5,0.0,0.0,0.0,0.0,,0.0,10.0,3.0,0.0,194.9,24.0,2015,221.9
91.0,Brian Hoyer,HOU,QB,30.0,11.0,9.0,224.0,369.0,2606.0,19.0,7.0,15.0,44.0,2.93,0.0,0.0,0.0,0.0,,0.0,6.0,2.0,0.0,166.6,25.0,2015,79.6
92.0,Joe Flacco,BAL,QB,30.0,10.0,10.0,266.0,413.0,2791.0,14.0,12.0,13.0,23.0,1.77,3.0,0.0,0.0,0.0,,0.0,5.0,2.0,3.0,161.9,26.0,2015,242.5
93.0,Josh McCown,CLE,QB,36.0,8.0,8.0,186.0,292.0,2109.0,12.0,4.0,20.0,98.0,4.9,1.0,0.0,0.0,0.0,,0.0,9.0,6.0,1.0,132.2,27.0,2015,52.1
94.0,Andrew Luck,IND,QB,26.0,7.0,7.0,162.0,293.0,1881.0,15.0,12.0,33.0,196.0,5.94,0.0,0.0,0.0,0.0,,0.0,3.0,1.0,0.0,130.8,28.0,2015,307.7
96.0,Blaine Gabbert,SFO,QB,26.0,8.0,8.0,178.0,282.0,2031.0,10.0,7.0,32.0,185.0,5.78,1.0,0.0,0.0,0.0,,0.0,4.0,1.0,1.0,129.7,29.0,2015,73.7
106.0,Brock Osweiler,DEN,QB,25.0,8.0,7.0,170.0,275.0,1967.0,10.0,6.0,21.0,61.0,2.9,1.0,0.0,0.0,0.0,,0.0,4.0,1.0,1.0,116.8,30.0,2015,169.0
114.0,Colin Kaepernick,SFO,QB,28.0,9.0,8.0,144.0,244.0,1615.0,6.0,5.0,45.0,256.0,5.69,1.0,0.0,0.0,0.0,,0.0,5.0,1.0,1.0,110.2,31.0,2015,200.4
239.0,Case Keenum,STL,QB,27.0,6.0,5.0,76.0,125.0,828.0,4.0,1.0,12.0,5.0,0.42,0.0,0.0,0.0,0.0,,0.0,3.0,2.0,0.0,43.6,39.0,2015,111.1
3.0,Aaron Rodgers,GNB,QB,33.0,16.0,16.0,401.0,610.0,4428.0,40.0,7.0,67.0,369.0,5.51,4.0,0.0,0.0,0.0,,0.0,8.0,4.0,4.0,380.0,1.0,2016,129.6
9.0,Matt Ryan,ATL,QB,31.0,16.0,16.0,373.0,534.0,4944.0,38.0,7.0,35.0,117.0,3.34,0.0,0.0,0.0,0.0,,0.0,4.0,2.0,0.0,347.5,2.0,2016,228.1
14.0,Drew Brees,NOR,QB,37.0,16.0,16.0,471.0,673.0,5208.0,37.0,15.0,23.0,20.0,0.87,2.0,0.0,0.0,0.0,,0.0,5.0,4.0,2.0,332.3,3.0,2016,262.6
26.0,Kirk Cousins,WAS,QB,28.0,16.0,16.0,406.0,606.0,4917.0,25.0,12.0,34.0,96.0,2.82,4.0,0.0,0.0,0.0,,0.0,9.0,3.0,4.0,300.3,5.0,2016,277.6
38.0,Dak Prescott,DAL,QB,23.0,16.0,16.0,311.0,459.0,3667.0,23.0,4.0,57.0,282.0,4.95,6.0,0.0,0.0,0.0,,0.0,9.0,4.0,6.0,286.9,6.0,2016,260.7
47.0,Matthew Stafford,DET,QB,28.0,16.0,16.0,388.0,594.0,4327.0,24.0,10.0,37.0,207.0,5.59,2.0,1.0,0.0,0.0,,0.0,3.0,2.0,2.0,279.8,7.0,2016,273.6
55.0,Tyrod Taylor,BUF,QB,27.0,15.0,15.0,269.0,436.0,3023.0,17.0,6.0,95.0,580.0,6.11,6.0,0.0,0.0,0.0,,0.0,4.0,2.0,6.0,270.9,8.0,2016,222.7
58.0,Blake Bortles,JAX,QB,24.0,16.0,16.0,368.0,625.0,3905.0,23.0,16.0,58.0,359.0,6.19,3.0,1.0,1.0,20.0,20.0,1.0,8.0,6.0,4.0,271.1,9.0,2016,249.7
60.0,Derek Carr,OAK,QB,25.0,15.0,15.0,357.0,560.0,3937.0,28.0,6.0,39.0,70.0,1.79,0.0,0.0,0.0,0.0,,0.0,5.0,3.0,0.0,268.5,10.0,2016,206.4
62.0,Russell Wilson,SEA,QB,28.0,16.0,16.0,353.0,546.0,4219.0,21.0,11.0,72.0,259.0,3.6,1.0,2.0,2.0,14.0,7.0,1.0,8.0,2.0,2.0,270.1,11.0,2016,347.9
75.0,Andy Dalton,CIN,QB,29.0,16.0,16.0,364.0,563.0,4206.0,18.0,8.0,46.0,184.0,4.0,4.0,0.0,0.0,0.0,,0.0,9.0,3.0,4.0,260.6,12.0,2016,210.7
79.0,Marcus Mariota,TEN,QB,23.0,15.0,15.0,276.0,451.0,3426.0,26.0,9.0,60.0,349.0,5.82,2.0,1.0,0.0,0.0,,0.0,10.0,5.0,2.0,259.9,13.0,2016,210.5
80.0,Tom Brady,NWE,QB,39.0,12.0,12.0,291.0,432.0,3554.0,28.0,2.0,28.0,64.0,2.29,0.0,0.0,0.0,0.0,,0.0,5.0,0.0,0.0,258.6,15.0,2016,295.9
81.0,Philip Rivers,SDG,QB,35.0,16.0,16.0,349.0,578.0,4386.0,33.0,21.0,14.0,35.0,2.5,0.0,0.0,0.0,0.0,,0.0,9.0,5.0,0.0,258.9,14.0,2016,270.4
82.0,Jameis Winston,TAM,QB,22.0,16.0,16.0,345.0,567.0,4090.0,28.0,18.0,53.0,165.0,3.11,1.0,0.0,0.0,0.0,,0.0,10.0,6.0,1.0,256.1,16.0,2016,201.7
83.0,Cam Newton,CAR,QB,27.0,15.0,14.0,270.0,510.0,3509.0,19.0,14.0,90.0,359.0,3.99,5.0,0.0,0.0,0.0,,0.0,3.0,2.0,5.0,254.3,17.0,2016,299.5
84.0,Ben Roethlisberger,PIT,QB,34.0,14.0,14.0,328.0,509.0,3819.0,29.0,13.0,16.0,14.0,0.88,1.0,0.0,0.0,0.0,,0.0,8.0,2.0,1.0,252.2,18.0,2016,260.7
85.0,Carson Palmer,ARI,QB,37.0,15.0,15.0,364.0,597.0,4233.0,26.0,14.0,14.0,38.0,2.71,0.0,0.0,0.0,0.0,,0.0,14.0,4.0,0.0,243.1,19.0,2016,102.3
86.0,Joe Flacco,BAL,QB,31.0,16.0,16.0,436.0,672.0,4317.0,20.0,15.0,21.0,58.0,2.76,2.0,0.0,0.0,0.0,,0.0,5.0,3.0,2.0,242.5,20.0,2016,185.0
87.0,Eli Manning,NYG,QB,35.0,16.0,16.0,377.0,598.0,4027.0,26.0,16.0,21.0,-9.0,-0.43,0.0,0.0,0.0,0.0,,0.0,7.0,4.0,0.0,224.2,21.0,2016,187.3
88.0,Alex Smith,KAN,QB,32.0,15.0,15.0,328.0,489.0,3502.0,15.0,8.0,48.0,134.0,2.79,5.0,1.0,1.0,3.0,3.0,0.0,7.0,4.0,5.0,224.8,22.0,2016,295.2
90.0,Carson Wentz,PHI,QB,24.0,16.0,16.0,379.0,607.0,3782.0,16.0,14.0,46.0,150.0,3.26,2.0,1.0,1.0,7.0,7.0,0.0,14.0,3.0,2.0,214.0,24.0,2016,281.7
92.0,Trevor Siemian,DEN,QB,25.0,14.0,14.0,289.0,486.0,3401.0,18.0,10.0,28.0,57.0,2.04,0.0,0.0,0.0,0.0,,0.0,4.0,2.0,0.0,191.7,26.0,2016,126.1
94.0,Brock Osweiler,HOU,QB,26.0,15.0,14.0,301.0,510.0,2957.0,15.0,16.0,30.0,131.0,4.37,2.0,1.0,1.0,-14.0,-14.0,0.0,5.0,1.0,2.0,169.0,28.0,2016,67.9
95.0,Ryan Fitzpatrick,NYJ,QB,34.0,14.0,11.0,228.0,403.0,2710.0,12.0,17.0,33.0,130.0,3.94,0.0,0.0,0.0,0.0,,0.0,9.0,1.0,0.0,133.4,29.0,2016,73.9
114.0,Case Keenum,LAR,QB,28.0,10.0,9.0,196.0,322.0,2201.0,9.0,11.0,20.0,51.0,2.55,1.0,0.0,0.0,0.0,,0.0,5.0,1.0,1.0,111.1,30.0,2016,237.9
156.0,Brian Hoyer,CHI,QB,31.0,6.0,5.0,134.0,200.0,1445.0,6.0,0.0,7.0,-2.0,-0.29,0.0,0.0,0.0,0.0,,0.0,3.0,1.0,0.0,79.6,31.0,2016,63.9
170.0,Blaine Gabbert,SFO,QB,27.0,6.0,5.0,91.0,160.0,925.0,5.0,6.0,40.0,173.0,4.33,2.0,1.0,1.0,-16.0,-16.0,0.0,0.0,0.0,2.0,73.7,33.0,2016,61.6
206.0,Matt Moore,MIA,QB,32.0,4.0,3.0,55.0,87.0,721.0,8.0,3.0,1.0,-1.0,-1.0,0.0,0.0,0.0,0.0,,0.0,1.0,0.0,0.0,54.7,36.0,2016,41.3
214.0,Jared Goff,LAR,QB,22.0,7.0,7.0,112.0,205.0,1089.0,5.0,7.0,8.0,16.0,2.0,1.0,0.0,0.0,0.0,,0.0,5.0,2.0,1.0,53.2,37.0,2016,255.3
217.0,Josh McCown,CLE,QB,37.0,5.0,3.0,90.0,165.0,1100.0,6.0,6.0,7.0,21.0,3.0,0.0,0.0,0.0,0.0,,0.0,7.0,4.0,0.0,52.1,38.0,2016,205.4
226.0,Jay Cutler,CHI,QB,33.0,5.0,5.0,81.0,137.0,1059.0,4.0,5.0,5.0,24.0,4.8,0.0,0.0,0.0,0.0,,0.0,6.0,2.0,0.0,46.8,39.0,2016,157.8
9.0,Russell Wilson,SEA,QB,29.0,16.0,16.0,339.0,553.0,3983.0,34.0,11.0,95.0,586.0,6.17,3.0,0.0,0.0,0.0,,0.0,14.0,3.0,3.0,347.9,1.0,2017,299.4
23.0,Cam Newton,CAR,QB,28.0,16.0,16.0,291.0,492.0,3302.0,22.0,16.0,139.0,754.0,5.42,6.0,0.0,0.0,0.0,,0.0,9.0,1.0,6.0,299.5,2.0,2017,282.6
28.0,Tom Brady,NWE,QB,40.0,16.0,16.0,385.0,581.0,4577.0,32.0,8.0,25.0,28.0,1.12,0.0,0.0,0.0,0.0,,0.0,7.0,3.0,0.0,295.9,3.0,2017,281.3
29.0,Alex Smith,KAN,QB,33.0,15.0,15.0,341.0,505.0,4042.0,26.0,5.0,60.0,355.0,5.92,1.0,0.0,0.0,0.0,,0.0,1.0,1.0,1.0,295.2,4.0,2017,138.0
40.0,Carson Wentz,PHI,QB,25.0,13.0,13.0,265.0,440.0,3296.0,33.0,7.0,64.0,299.0,4.67,0.0,0.0,0.0,0.0,,0.0,9.0,3.0,0.0,281.7,5.0,2017,193.7
43.0,Kirk Cousins,WAS,QB,29.0,16.0,16.0,347.0,540.0,4093.0,27.0,13.0,49.0,179.0,3.65,4.0,0.0,0.0,0.0,,0.0,13.0,5.0,4.0,277.6,6.0,2017,283.1
53.0,Matthew Stafford,DET,QB,29.0,16.0,16.0,371.0,565.0,4446.0,29.0,10.0,29.0,98.0,3.38,0.0,0.0,0.0,0.0,,0.0,12.0,7.0,0.0,273.6,7.0,2017,212.2
57.0,Philip Rivers,LAC,QB,36.0,16.0,16.0,360.0,575.0,4515.0,28.0,10.0,18.0,-2.0,-0.11,0.0,0.0,0.0,0.0,,0.0,8.0,1.0,0.0,270.4,8.0,2017,285.0
63.0,Drew Brees,NOR,QB,38.0,16.0,16.0,386.0,536.0,4334.0,23.0,8.0,33.0,12.0,0.36,2.0,0.0,0.0,0.0,,0.0,5.0,0.0,2.0,262.6,9.0,2017,305.0
67.0,Ben Roethlisberger,PIT,QB,35.0,15.0,15.0,360.0,561.0,4251.0,28.0,14.0,28.0,47.0,1.68,0.0,0.0,0.0,0.0,,0.0,3.0,1.0,0.0,260.7,10.0,2017,341.9
68.0,Dak Prescott,DAL,QB,24.0,16.0,16.0,308.0,490.0,3324.0,22.0,13.0,57.0,357.0,6.26,6.0,0.0,0.0,0.0,,0.0,4.0,3.0,6.0,260.7,11.0,2017,285.9
79.0,Jared Goff,LAR,QB,23.0,15.0,15.0,296.0,477.0,3804.0,28.0,7.0,28.0,51.0,1.82,1.0,0.0,0.0,0.0,,0.0,8.0,3.0,1.0,255.3,12.0,2017,310.3
80.0,Blake Bortles,JAX,QB,25.0,16.0,16.0,315.0,523.0,3687.0,21.0,13.0,57.0,322.0,5.65,2.0,0.0,0.0,0.0,,0.0,9.0,3.0,2.0,249.7,13.0,2017,173.2
81.0,Case Keenum,MIN,QB,29.0,15.0,14.0,325.0,481.0,3547.0,22.0,7.0,40.0,160.0,4.0,1.0,0.0,0.0,0.0,,0.0,1.0,1.0,1.0,237.9,14.0,2017,214.9
82.0,Matt Ryan,ATL,QB,32.0,16.0,16.0,342.0,529.0,4095.0,20.0,12.0,32.0,143.0,4.47,0.0,0.0,0.0,0.0,,0.0,4.0,3.0,0.0,228.1,15.0,2017,355.0
83.0,Tyrod Taylor,BUF,QB,28.0,15.0,14.0,263.0,420.0,2799.0,14.0,4.0,84.0,427.0,5.08,4.0,0.0,0.0,0.0,,0.0,4.0,2.0,4.0,222.7,16.0,2017,41.4
84.0,Andy Dalton,CIN,QB,30.0,16.0,16.0,297.0,496.0,3320.0,25.0,12.0,38.0,99.0,2.61,0.0,0.0,0.0,0.0,,0.0,4.0,4.0,0.0,210.7,17.0,2017,174.5
85.0,Marcus Mariota,TEN,QB,24.0,15.0,15.0,281.0,453.0,3232.0,13.0,15.0,60.0,312.0,5.2,5.0,0.0,0.0,0.0,,0.0,2.0,1.0,5.0,210.5,18.0,2017,175.9
87.0,Derek Carr,OAK,QB,26.0,15.0,15.0,323.0,515.0,3496.0,22.0,13.0,23.0,66.0,2.87,0.0,0.0,0.0,0.0,,0.0,8.0,3.0,0.0,206.4,19.0,2017,216.8
89.0,Jameis Winston,TAM,QB,23.0,13.0,13.0,282.0,442.0,3504.0,19.0,11.0,33.0,135.0,4.09,1.0,0.0,0.0,0.0,,0.0,15.0,7.0,1.0,201.7,22.0,2017,195.8
90.0,Eli Manning,NYG,QB,36.0,15.0,15.0,352.0,571.0,3468.0,19.0,13.0,12.0,26.0,2.17,1.0,0.0,0.0,0.0,,0.0,11.0,5.0,1.0,187.3,23.0,2017,240.0
91.0,Joe Flacco,BAL,QB,32.0,16.0,16.0,352.0,549.0,3141.0,18.0,13.0,25.0,54.0,2.16,1.0,0.0,0.0,0.0,,0.0,6.0,0.0,1.0,185.0,24.0,2017,137.1
93.0,Deshaun Watson,HOU,QB,22.0,7.0,6.0,126.0,204.0,1699.0,19.0,8.0,36.0,269.0,7.47,2.0,0.0,0.0,0.0,,0.0,3.0,1.0,2.0,168.9,26.0,2017,331.7
95.0,Mitchell Trubisky,CHI,QB,23.0,12.0,12.0,196.0,330.0,2193.0,7.0,7.0,41.0,248.0,6.05,2.0,0.0,0.0,0.0,,0.0,10.0,3.0,2.0,134.5,28.0,2017,263.0
96.0,Aaron Rodgers,GNB,QB,34.0,7.0,7.0,154.0,238.0,1675.0,16.0,6.0,24.0,126.0,5.25,0.0,0.0,0.0,0.0,,0.0,1.0,1.0,0.0,129.6,29.0,2017,312.6
131.0,CJ Beathard,SFO,QB,24.0,7.0,5.0,123.0,224.0,1430.0,4.0,6.0,26.0,136.0,5.23,3.0,0.0,0.0,0.0,,0.0,3.0,2.0,3.0,88.8,33.0,2017,75.0
134.0,Jimmy Garoppolo,SFO,QB,26.0,6.0,5.0,120.0,178.0,1560.0,7.0,5.0,15.0,11.0,0.73,1.0,1.0,1.0,-6.0,-6.0,0.0,1.0,0.0,1.0,87.9,34.0,2017,48.0
157.0,Ryan Fitzpatrick,TAM,QB,35.0,6.0,3.0,96.0,163.0,1103.0,7.0,3.0,15.0,78.0,5.2,0.0,0.0,0.0,0.0,,0.0,0.0,0.0,0.0,73.9,35.0,2017,165.8
171.0,Brock Osweiler,DEN,QB,27.0,6.0,4.0,96.0,172.0,1088.0,5.0,5.0,14.0,64.0,4.57,1.0,0.0,0.0,0.0,,0.0,2.0,1.0,1.0,67.9,36.0,2017,68.0
5.0,Patrick Mahomes,KAN,QB,23.0,16.0,16.0,383.0,580.0,5097.0,50.0,12.0,60.0,272.0,4.53,2.0,0.0,0.0,0.0,,0.0,9.0,2.0,2.0,417.1,1.0,2018,287.0
21.0,Matt Ryan,ATL,QB,33.0,16.0,16.0,422.0,608.0,4924.0,35.0,7.0,33.0,125.0,3.79,3.0,1.0,1.0,5.0,5.0,1.0,10.0,5.0,4.0,355.0,2.0,2018,267.3
31.0,Deshaun Watson,HOU,QB,23.0,16.0,16.0,345.0,505.0,4165.0,26.0,9.0,99.0,551.0,5.57,5.0,0.0,0.0,0.0,,0.0,9.0,3.0,5.0,331.7,4.0,2018,321.0
43.0,Aaron Rodgers,GNB,QB,35.0,16.0,16.0,372.0,597.0,4442.0,25.0,2.0,43.0,269.0,6.26,2.0,0.0,0.0,0.0,,0.0,6.0,3.0,2.0,312.6,6.0,2018,278.4
45.0,Jared Goff,LAR,QB,24.0,16.0,16.0,364.0,561.0,4688.0,32.0,12.0,43.0,108.0,2.51,2.0,0.0,0.0,0.0,,0.0,12.0,5.0,2.0,310.3,7.0,2018,247.5
52.0,Drew Brees,NOR,QB,39.0,15.0,15.0,364.0,489.0,3992.0,32.0,5.0,31.0,22.0,0.71,4.0,1.0,1.0,1.0,1.0,0.0,5.0,1.0,4.0,305.0,8.0,2018,224.8
58.0,Russell Wilson,SEA,QB,30.0,16.0,16.0,280.0,427.0,3448.0,35.0,7.0,67.0,376.0,5.61,0.0,1.0,1.0,-11.0,-11.0,0.0,10.0,2.0,0.0,299.4,9.0,2018,328.6
69.0,Dak Prescott,DAL,QB,25.0,16.0,16.0,356.0,526.0,3885.0,22.0,8.0,75.0,305.0,4.07,6.0,1.0,0.0,0.0,,0.0,12.0,6.0,6.0,285.9,10.0,2018,337.8
70.0,Philip Rivers,LAC,QB,37.0,16.0,16.0,347.0,508.0,4308.0,32.0,12.0,18.0,7.0,0.39,0.0,0.0,0.0,0.0,,0.0,2.0,1.0,0.0,285.0,11.0,2018,235.5
79.0,Kirk Cousins,MIN,QB,30.0,16.0,16.0,425.0,606.0,4298.0,30.0,10.0,44.0,123.0,2.8,1.0,1.0,1.0,-1.0,-1.0,0.0,9.0,7.0,1.0,283.1,13.0,2018,244.4
80.0,Tom Brady,NWE,QB,41.0,16.0,16.0,375.0,570.0,4355.0,29.0,11.0,23.0,35.0,1.52,2.0,1.0,1.0,6.0,6.0,0.0,4.0,2.0,2.0,281.3,14.0,2018,263.7
81.0,Mitchell Trubisky,CHI,QB,24.0,14.0,14.0,289.0,434.0,3223.0,24.0,12.0,68.0,421.0,6.19,3.0,0.0,0.0,0.0,,0.0,6.0,3.0,3.0,263.0,15.0,2018,202.8
82.0,Eli Manning,NYG,QB,37.0,16.0,16.0,380.0,576.0,4299.0,21.0,11.0,15.0,20.0,1.33,1.0,0.0,0.0,0.0,,0.0,7.0,4.0,1.0,240.0,17.0,2018,54.4
83.0,Baker Mayfield,CLE,QB,23.0,14.0,13.0,310.0,486.0,3725.0,27.0,14.0,39.0,131.0,3.36,0.0,1.0,0.0,0.0,,0.0,7.0,3.0,0.0,240.1,16.0,2018,229.2
84.0,Derek Carr,OAK,QB,27.0,16.0,16.0,381.0,553.0,4049.0,19.0,10.0,24.0,47.0,1.96,1.0,1.0,1.0,-9.0,-9.0,0.0,12.0,7.0,1.0,216.8,18.0,2018,244.4
85.0,Case Keenum,DEN,QB,30.0,16.0,16.0,365.0,586.0,3890.0,18.0,15.0,26.0,93.0,3.58,2.0,0.0,0.0,0.0,,0.0,11.0,2.0,2.0,214.9,19.0,2018,103.5
86.0,Matthew Stafford,DET,QB,30.0,16.0,16.0,367.0,555.0,3777.0,21.0,11.0,25.0,71.0,2.84,0.0,0.0,0.0,0.0,,0.0,6.0,4.0,0.0,212.2,20.0,2018,166.6
87.0,Josh Allen,BUF,QB,22.0,12.0,11.0,169.0,320.0,2074.0,10.0,12.0,89.0,631.0,7.09,8.0,1.0,0.0,0.0,,0.0,8.0,2.0,8.0,208.1,21.0,2018,288.6
88.0,Jameis Winston,TAM,QB,24.0,11.0,9.0,244.0,378.0,2992.0,19.0,14.0,49.0,281.0,5.73,1.0,0.0,0.0,0.0,,0.0,7.0,3.0,1.0,195.8,22.0,2018,305.4
89.0,Carson Wentz,PHI,QB,26.0,11.0,11.0,279.0,401.0,3074.0,21.0,7.0,34.0,93.0,2.74,0.0,1.0,1.0,4.0,4.0,0.0,9.0,6.0,0.0,193.7,23.0,2018,275.9
90.0,Andy Dalton,CIN,QB,31.0,11.0,11.0,226.0,365.0,2566.0,21.0,11.0,16.0,99.0,6.19,0.0,0.0,0.0,0.0,,0.0,1.0,0.0,0.0,174.5,25.0,2018,203.7
91.0,Marcus Mariota,TEN,QB,25.0,14.0,13.0,228.0,331.0,2528.0,11.0,8.0,64.0,357.0,5.58,2.0,1.0,1.0,21.0,21.0,0.0,9.0,2.0,2.0,175.9,24.0,2018,85.0
93.0,Sam Darnold,NYJ,QB,21.0,13.0,13.0,239.0,414.0,2865.0,17.0,15.0,44.0,138.0,3.14,1.0,0.0,0.0,0.0,,0.0,5.0,2.0,1.0,168.4,27.0,2018,189.2
94.0,Ryan Fitzpatrick,TAM,QB,36.0,8.0,7.0,164.0,246.0,2366.0,17.0,12.0,36.0,152.0,4.22,2.0,0.0,0.0,0.0,,0.0,4.0,1.0,2.0,165.8,28.0,2018,241.5
95.0,Lamar Jackson,BAL,QB,21.0,16.0,7.0,99.0,170.0,1201.0,6.0,3.0,147.0,695.0,4.73,5.0,2.0,0.0,0.0,,0.0,12.0,4.0,5.0,157.5,29.0,2018,415.7
96.0,Ryan Tannehill,MIA,QB,30.0,11.0,11.0,176.0,274.0,1979.0,17.0,9.0,32.0,145.0,4.53,0.0,1.0,1.0,3.0,3.0,1.0,5.0,4.0,1.0,143.0,30.0,2018,224.2
98.0,Joe Flacco,BAL,QB,33.0,9.0,9.0,232.0,379.0,2465.0,12.0,6.0,19.0,45.0,2.37,0.0,0.0,0.0,0.0,,0.0,3.0,1.0,0.0,137.1,32.0,2018,84.9
147.0,Jeff Driskel,CIN,QB,25.0,9.0,5.0,105.0,176.0,1003.0,6.0,2.0,25.0,130.0,5.2,2.0,0.0,0.0,0.0,,0.0,4.0,1.0,2.0,85.1,35.0,2018,58.1
226.0,Jimmy Garoppolo,SFO,QB,27.0,3.0,3.0,53.0,89.0,718.0,5.0,3.0,8.0,33.0,4.13,0.0,0.0,0.0,0.0,,0.0,4.0,0.0,0.0,48.0,40.0,2018,247.3
2.0,Lamar Jackson,BAL,QB,22.0,15.0,15.0,265.0,401.0,3127.0,36.0,6.0,176.0,1206.0,6.85,7.0,0.0,0.0,0.0,,0.0,9.0,2.0,7.0,415.7,1.0,2019,332.8
12.0,Dak Prescott,DAL,QB,26.0,16.0,16.0,388.0,596.0,4902.0,30.0,11.0,52.0,277.0,5.33,3.0,0.0,0.0,0.0,,0.0,6.0,2.0,3.0,337.8,2.0,2019,135.6
14.0,Russell Wilson,SEA,QB,31.0,16.0,16.0,341.0,516.0,4110.0,31.0,5.0,75.0,342.0,4.56,3.0,0.0,0.0,0.0,,0.0,8.0,2.0,3.0,328.6,3.0,2019,359.8
17.0,Deshaun Watson,HOU,QB,24.0,15.0,15.0,333.0,495.0,3852.0,26.0,12.0,82.0,413.0,5.04,7.0,1.0,1.0,6.0,6.0,1.0,10.0,3.0,8.0,321.0,4.0,2019,369.3
44.0,Josh Allen,BUF,QB,23.0,16.0,16.0,271.0,461.0,3089.0,20.0,9.0,109.0,510.0,4.68,9.0,0.0,0.0,0.0,,0.0,14.0,4.0,9.0,288.6,6.0,2019,396.1
48.0,Patrick Mahomes,KAN,QB,24.0,14.0,14.0,319.0,484.0,4031.0,26.0,5.0,43.0,218.0,5.07,2.0,0.0,0.0,0.0,,0.0,3.0,2.0,2.0,287.0,7.0,2019,374.4
50.0,Kyler Murray,ARI,QB,22.0,16.0,16.0,349.0,542.0,3722.0,20.0,12.0,93.0,544.0,5.85,4.0,0.0,0.0,0.0,,0.0,5.0,2.0,4.0,285.3,8.0,2019,378.7
56.0,Aaron Rodgers,GNB,QB,36.0,16.0,16.0,353.0,569.0,4002.0,26.0,4.0,46.0,183.0,3.98,1.0,0.0,0.0,0.0,,0.0,4.0,4.0,1.0,278.4,9.0,2019,383.3
60.0,Carson Wentz,PHI,QB,27.0,16.0,16.0,388.0,607.0,4039.0,27.0,7.0,62.0,243.0,3.92,1.0,0.0,0.0,0.0,,0.0,16.0,7.0,1.0,275.9,10.0,2019,198.4
69.0,Matt Ryan,ATL,QB,34.0,15.0,15.0,408.0,616.0,4466.0,26.0,14.0,34.0,147.0,4.32,1.0,0.0,0.0,0.0,,0.0,9.0,5.0,1.0,267.3,11.0,2019,282.4
79.0,Tom Brady,NWE,QB,42.0,16.0,16.0,373.0,613.0,4057.0,24.0,8.0,26.0,34.0,1.31,3.0,0.0,0.0,0.0,,0.0,4.0,1.0,3.0,263.7,12.0,2019,337.9
80.0,Jared Goff,LAR,QB,25.0,16.0,16.0,394.0,626.0,4638.0,22.0,16.0,33.0,40.0,1.21,2.0,0.0,0.0,0.0,,0.0,10.0,5.0,2.0,247.5,13.0,2019,240.0
81.0,Jimmy Garoppolo,SFO,QB,28.0,16.0,16.0,329.0,476.0,3978.0,27.0,13.0,46.0,62.0,1.35,1.0,0.0,0.0,0.0,,0.0,10.0,5.0,1.0,247.3,14.0,2019,64.3
82.0,Derek Carr,OAK,QB,28.0,16.0,16.0,361.0,513.0,4054.0,21.0,8.0,27.0,82.0,3.04,2.0,0.0,0.0,0.0,,0.0,7.0,3.0,2.0,244.4,16.0,2019,272.1
83.0,Kirk Cousins,MIN,QB,31.0,15.0,15.0,307.0,444.0,3603.0,26.0,6.0,31.0,63.0,2.03,1.0,1.0,0.0,0.0,,0.0,10.0,3.0,1.0,244.4,15.0,2019,306.2
84.0,Ryan Fitzpatrick,MIA,QB,37.0,15.0,13.0,311.0,502.0,3529.0,20.0,13.0,54.0,243.0,4.5,4.0,0.0,0.0,0.0,,0.0,9.0,2.0,4.0,241.5,17.0,2019,153.7
85.0,Philip Rivers,LAC,QB,38.0,16.0,16.0,390.0,591.0,4615.0,23.0,20.0,12.0,29.0,2.42,0.0,0.0,0.0,0.0,,0.0,8.0,3.0,0.0,235.5,18.0,2019,240.0
86.0,Baker Mayfield,CLE,QB,24.0,16.0,16.0,317.0,534.0,3827.0,22.0,21.0,28.0,141.0,5.04,3.0,0.0,0.0,0.0,,0.0,6.0,2.0,3.0,229.2,20.0,2019,248.6
87.0,Gardner Minshew II,JAX,QB,23.0,14.0,12.0,285.0,470.0,3271.0,21.0,6.0,67.0,344.0,5.13,0.0,0.0,0.0,0.0,,0.0,12.0,7.0,0.0,229.2,19.0,2019,160.7
88.0,Drew Brees,NOR,QB,40.0,11.0,11.0,281.0,378.0,2979.0,27.0,4.0,9.0,-4.0,-0.44,1.0,0.0,0.0,0.0,,0.0,0.0,0.0,1.0,224.8,21.0,2019,209.5
89.0,Ryan Tannehill,TEN,QB,31.0,12.0,10.0,201.0,286.0,2742.0,22.0,6.0,43.0,185.0,4.3,4.0,0.0,0.0,0.0,,0.0,5.0,3.0,4.0,224.2,22.0,2019,344.4
91.0,Daniel Jones,NYG,QB,22.0,13.0,12.0,284.0,459.0,3027.0,24.0,12.0,45.0,279.0,6.2,2.0,0.0,0.0,0.0,,0.0,19.0,11.0,2.0,215.0,24.0,2019,180.0
92.0,Andy Dalton,CIN,QB,32.0,13.0,13.0,314.0,528.0,3494.0,16.0,14.0,32.0,73.0,2.28,4.0,1.0,1.0,-4.0,-4.0,0.0,8.0,4.0,4.0,203.7,26.0,2019,136.9
93.0,Mitchell Trubisky,CHI,QB,25.0,15.0,15.0,326.0,516.0,3138.0,17.0,10.0,48.0,193.0,4.02,2.0,0.0,0.0,0.0,,0.0,5.0,2.0,2.0,202.8,25.0,2019,153.7
94.0,Sam Darnold,NYJ,QB,22.0,13.0,13.0,273.0,441.0,3024.0,19.0,13.0,33.0,62.0,1.88,2.0,0.0,0.0,0.0,,0.0,11.0,3.0,2.0,189.2,27.0,2019,134.0
95.0,Kyle Allen,CAR,QB,23.0,13.0,12.0,303.0,489.0,3322.0,17.0,16.0,32.0,106.0,3.31,2.0,0.0,0.0,0.0,,0.0,13.0,7.0,2.0,177.5,28.0,2019,45.0
96.0,Matthew Stafford,DET,QB,31.0,8.0,8.0,187.0,291.0,2499.0,19.0,5.0,20.0,66.0,3.3,0.0,0.0,0.0,0.0,,0.0,5.0,3.0,0.0,166.6,29.0,2019,260.6
136.0,Teddy Bridgewater,NOR,QB,27.0,9.0,5.0,133.0,196.0,1384.0,9.0,2.0,28.0,31.0,1.11,0.0,0.0,0.0,0.0,,0.0,1.0,0.0,0.0,90.5,32.0,2019,241.2
142.0,Joe Flacco,DEN,QB,34.0,8.0,8.0,171.0,262.0,1822.0,6.0,5.0,12.0,20.0,1.67,0.0,0.0,0.0,0.0,,0.0,8.0,3.0,0.0,84.9,34.0,2019,54.8
149.0,Taysom Hill,NOR,QB,29.0,16.0,5.0,3.0,6.0,55.0,0.0,0.0,27.0,156.0,5.78,1.0,22.0,19.0,234.0,12.32,6.0,0.0,0.0,7.0,102.2,35.0,2019,156.6
155.0,Dwayne Haskins,WAS,QB,22.0,9.0,7.0,119.0,203.0,1365.0,7.0,7.0,20.0,101.0,5.05,0.0,0.0,0.0,0.0,,0.0,6.0,2.0,0.0,76.7,36.0,2019,68.2
178.0,Drew Lock,DEN,QB,23.0,5.0,5.0,100.0,156.0,1020.0,7.0,3.0,18.0,72.0,4.0,0.0,0.0,0.0,0.0,,0.0,3.0,1.0,0.0,68.0,37.0,2019,181.3
7.0,Josh Allen,BUF,QB,24.0,16.0,16.0,396.0,572.0,4544.0,37.0,10.0,102.0,421.0,4.13,8.0,1.0,1.0,12.0,12.0,1.0,9.0,6.0,9.0,396.1,1.0,2020,402.6
8.0,Aaron Rodgers,GNB,QB,37.0,16.0,16.0,372.0,526.0,4299.0,48.0,5.0,38.0,149.0,3.92,3.0,1.0,1.0,-6.0,-6.0,0.0,4.0,2.0,3.0,383.3,2.0,2020,333.3
9.0,Kyler Murray,ARI,QB,23.0,16.0,16.0,375.0,558.0,3971.0,26.0,12.0,133.0,819.0,6.16,11.0,0.0,0.0,0.0,,0.0,9.0,4.0,11.0,378.7,3.0,2020,300.5
10.0,Patrick Mahomes,KAN,QB,25.0,15.0,15.0,390.0,588.0,4740.0,38.0,6.0,62.0,308.0,4.97,2.0,2.0,0.0,0.0,,0.0,5.0,2.0,2.0,374.4,4.0,2020,361.7
16.0,Russell Wilson,SEA,QB,32.0,16.0,16.0,384.0,558.0,4212.0,40.0,13.0,83.0,513.0,6.18,2.0,0.0,0.0,0.0,,0.0,7.0,4.0,2.0,359.8,6.0,2020,242.8
23.0,Ryan Tannehill,TEN,QB,32.0,16.0,16.0,315.0,481.0,3819.0,33.0,7.0,43.0,266.0,6.19,7.0,1.0,1.0,0.0,0.0,0.0,6.0,1.0,7.0,344.4,7.0,2020,268.4
25.0,Tom Brady,TAM,QB,43.0,16.0,16.0,401.0,610.0,4633.0,40.0,12.0,30.0,6.0,0.2,3.0,0.0,0.0,0.0,,0.0,4.0,1.0,3.0,337.9,8.0,2020,374.7
29.0,Justin Herbert,LAC,QB,22.0,15.0,15.0,396.0,595.0,4336.0,31.0,10.0,55.0,234.0,4.25,5.0,0.0,0.0,0.0,,0.0,8.0,1.0,5.0,332.8,9.0,2020,380.8
30.0,Lamar Jackson,BAL,QB,23.0,15.0,15.0,242.0,376.0,2757.0,26.0,9.0,159.0,1005.0,6.32,7.0,0.0,0.0,0.0,,0.0,10.0,4.0,7.0,332.8,10.0,2020,240.0
45.0,Kirk Cousins,MIN,QB,32.0,16.0,16.0,349.0,516.0,4265.0,35.0,13.0,32.0,156.0,4.88,1.0,0.0,0.0,0.0,,0.0,9.0,5.0,1.0,306.2,11.0,2020,300.3
75.0,Matt Ryan,ATL,QB,35.0,16.0,16.0,407.0,626.0,4581.0,26.0,11.0,29.0,92.0,3.17,2.0,0.0,0.0,0.0,,0.0,6.0,3.0,2.0,282.4,12.0,2020,222.9
79.0,Derek Carr,LVR,QB,29.0,16.0,16.0,348.0,517.0,4103.0,27.0,9.0,39.0,140.0,3.59,3.0,0.0,0.0,0.0,,0.0,11.0,8.0,3.0,272.1,13.0,2020,257.0
80.0,Ben Roethlisberger,PIT,QB,38.0,15.0,15.0,399.0,608.0,3803.0,33.0,10.0,25.0,11.0,0.44,0.0,0.0,0.0,0.0,,0.0,5.0,1.0,0.0,267.2,14.0,2020,218.1
81.0,Matthew Stafford,DET,QB,32.0,16.0,16.0,339.0,528.0,4084.0,26.0,10.0,29.0,112.0,3.86,0.0,1.0,0.0,0.0,,0.0,2.0,1.0,0.0,260.6,15.0,2020,329.7
82.0,Cam Newton,NWE,QB,31.0,15.0,15.0,242.0,368.0,2657.0,8.0,10.0,137.0,592.0,4.32,12.0,2.0,2.0,35.0,17.5,1.0,6.0,1.0,13.0,261.0,16.0,2020,86.4
83.0,Baker Mayfield,CLE,QB,25.0,16.0,16.0,305.0,486.0,3563.0,26.0,8.0,54.0,165.0,3.06,1.0,1.0,1.0,6.0,6.0,0.0,8.0,4.0,1.0,248.6,17.0,2020,180.9
84.0,Teddy Bridgewater,CAR,QB,28.0,15.0,15.0,340.0,492.0,3733.0,15.0,11.0,53.0,279.0,5.26,5.0,0.0,0.0,0.0,,0.0,6.0,3.0,5.0,241.2,18.0,2020,202.7
85.0,Jared Goff,LAR,QB,26.0,15.0,15.0,370.0,552.0,3952.0,20.0,13.0,51.0,99.0,1.94,4.0,0.0,0.0,0.0,,0.0,7.0,4.0,4.0,240.0,19.0,2020,194.5
88.0,Carson Wentz,PHI,QB,28.0,12.0,12.0,251.0,437.0,2620.0,16.0,15.0,52.0,276.0,5.31,5.0,0.0,0.0,0.0,,0.0,10.0,4.0,5.0,198.4,22.0,2020,258.0
89.0,Drew Lock,DEN,QB,24.0,13.0,13.0,254.0,443.0,2933.0,16.0,15.0,44.0,160.0,3.64,3.0,0.0,0.0,0.0,,0.0,8.0,3.0,3.0,181.3,23.0,2020,51.9
90.0,Daniel Jones,NYG,QB,23.0,14.0,14.0,280.0,448.0,2943.0,11.0,10.0,65.0,423.0,6.51,1.0,0.0,0.0,0.0,,0.0,10.0,6.0,1.0,180.0,24.0,2020,167.5
91.0,Joe Burrow,CIN,QB,24.0,10.0,10.0,264.0,404.0,2688.0,13.0,5.0,37.0,142.0,3.84,3.0,0.0,0.0,0.0,,0.0,9.0,4.0,3.0,173.7,25.0,2020,314.2
95.0,Taysom Hill,NOR,QB,30.0,16.0,8.0,88.0,121.0,928.0,4.0,2.0,87.0,457.0,5.25,8.0,12.0,8.0,98.0,12.25,1.0,10.0,5.0,9.0,156.6,29.0,2020,121.7
96.0,Andy Dalton,DAL,QB,33.0,11.0,9.0,216.0,333.0,2170.0,14.0,8.0,28.0,114.0,4.07,0.0,1.0,1.0,-3.0,-3.0,0.0,2.0,1.0,0.0,136.9,30.0,2020,84.2
97.0,Dak Prescott,DAL,QB,27.0,5.0,5.0,151.0,222.0,1856.0,9.0,4.0,18.0,93.0,5.17,3.0,1.0,1.0,11.0,11.0,1.0,3.0,3.0,4.0,135.6,32.0,2020,320.6
98.0,Tua Tagovailoa,MIA,QB,22.0,10.0,9.0,186.0,290.0,1814.0,11.0,5.0,36.0,109.0,3.03,3.0,0.0,0.0,0.0,,0.0,1.0,1.0,3.0,135.5,31.0,2020,180.9
99.0,Sam Darnold,NYJ,QB,23.0,12.0,12.0,217.0,364.0,2208.0,9.0,11.0,37.0,217.0,5.86,2.0,0.0,0.0,0.0,,0.0,4.0,2.0,2.0,134.0,33.0,2020,157.3
124.0,Jalen Hurts,PHI,QB,22.0,15.0,4.0,77.0,148.0,1061.0,6.0,4.0,63.0,354.0,5.62,3.0,1.0,1.0,3.0,3.0,0.0,9.0,2.0,3.0,109.1,35.0,2020,312.2
198.0,Jimmy Garoppolo,SFO,QB,29.0,6.0,6.0,94.0,140.0,1096.0,7.0,5.0,10.0,25.0,2.5,0.0,0.0,0.0,0.0,,0.0,2.0,0.0,0.0,64.3,39.0,2020,227.5
4.0,Josh Allen,BUF,QB,25.0,17.0,17.0,409.0,646.0,4407.0,36.0,15.0,122.0,763.0,6.25,6.0,0.0,0.0,0.0,,0.0,8.0,3.0,6.0,402.6,1.0,2021,395.5
6.0,Justin Herbert,LAC,QB,23.0,17.0,17.0,443.0,672.0,5014.0,38.0,15.0,63.0,302.0,4.79,3.0,0.0,0.0,0.0,,0.0,1.0,1.0,3.0,380.8,2.0,2021,281.3
7.0,Tom Brady,TAM,QB,44.0,17.0,17.0,485.0,719.0,5316.0,43.0,12.0,28.0,81.0,2.89,2.0,0.0,0.0,0.0,,0.0,4.0,3.0,2.0,374.7,3.0,2021,271.7
13.0,Patrick Mahomes,KAN,QB,26.0,17.0,17.0,436.0,658.0,4839.0,37.0,13.0,66.0,381.0,5.77,2.0,0.0,0.0,0.0,,0.0,9.0,4.0,2.0,361.7,4.0,2021,417.4
18.0,Aaron Rodgers,GNB,QB,38.0,16.0,16.0,366.0,531.0,4115.0,37.0,4.0,33.0,101.0,3.06,3.0,1.0,1.0,-4.0,-4.0,0.0,3.0,0.0,3.0,333.3,5.0,2021,239.2
20.0,Matthew Stafford,LAR,QB,33.0,17.0,17.0,404.0,601.0,4886.0,41.0,17.0,32.0,43.0,1.34,0.0,0.0,0.0,0.0,,0.0,5.0,2.0,0.0,329.7,6.0,2021,108.4
23.0,Dak Prescott,DAL,QB,28.0,16.0,16.0,410.0,596.0,4449.0,37.0,10.0,48.0,146.0,3.04,1.0,0.0,0.0,0.0,,0.0,14.0,6.0,1.0,320.6,7.0,2021,198.6
29.0,Joe Burrow,CIN,QB,25.0,16.0,16.0,366.0,520.0,4611.0,34.0,14.0,40.0,118.0,2.95,2.0,0.0,0.0,0.0,,0.0,5.0,2.0,2.0,314.2,8.0,2021,350.7
31.0,Jalen Hurts,PHI,QB,23.0,15.0,15.0,265.0,432.0,3144.0,16.0,9.0,139.0,784.0,5.64,10.0,1.0,0.0,0.0,,0.0,9.0,2.0,10.0,312.2,9.0,2021,378.0
40.0,Kyler Murray,ARI,QB,24.0,14.0,14.0,333.0,481.0,3787.0,24.0,10.0,88.0,423.0,4.81,5.0,0.0,0.0,7.0,,0.0,13.0,0.0,5.0,300.5,10.0,2021,200.5
41.0,Kirk Cousins,MIN,QB,33.0,16.0,16.0,372.0,561.0,4221.0,33.0,7.0,29.0,115.0,3.97,1.0,0.0,0.0,0.0,,0.0,12.0,2.0,1.0,300.3,11.0,2021,291.6
78.0,Ryan Tannehill,TEN,QB,33.0,17.0,17.0,357.0,531.0,3734.0,21.0,14.0,55.0,270.0,4.91,7.0,0.0,0.0,0.0,,0.0,10.0,4.0,7.0,268.4,12.0,2021,161.2
79.0,Carson Wentz,IND,QB,29.0,17.0,17.0,322.0,516.0,3563.0,27.0,7.0,57.0,215.0,3.77,1.0,0.0,0.0,0.0,,0.0,8.0,5.0,1.0,258.0,13.0,2021,112.8
80.0,Derek Carr,LVR,QB,30.0,17.0,17.0,428.0,626.0,4804.0,23.0,14.0,40.0,108.0,2.7,0.0,0.0,0.0,0.0,,0.0,13.0,5.0,0.0,257.0,14.0,2021,219.1
81.0,Russell Wilson,SEA,QB,33.0,14.0,14.0,259.0,400.0,3113.0,25.0,6.0,43.0,183.0,4.26,2.0,0.0,0.0,0.0,,0.0,6.0,1.0,2.0,242.8,15.0,2021,225.8
82.0,Lamar Jackson,BAL,QB,24.0,12.0,12.0,246.0,382.0,2882.0,16.0,13.0,133.0,767.0,5.77,2.0,0.0,0.0,0.0,,0.0,6.0,3.0,2.0,240.0,16.0,2021,236.1
83.0,Jimmy Garoppolo,SFO,QB,30.0,15.0,15.0,301.0,441.0,3810.0,20.0,12.0,38.0,51.0,1.34,3.0,0.0,0.0,0.0,,0.0,8.0,3.0,3.0,227.5,17.0,2021,164.8
84.0,Mac Jones,NWE,QB,23.0,17.0,17.0,352.0,521.0,3801.0,22.0,13.0,44.0,129.0,2.93,0.0,0.0,0.0,0.0,,0.0,7.0,3.0,0.0,224.9,18.0,2021,170.1
85.0,Matt Ryan,ATL,QB,36.0,17.0,17.0,375.0,560.0,3968.0,20.0,12.0,40.0,82.0,2.05,1.0,0.0,0.0,0.0,,0.0,11.0,4.0,1.0,222.9,19.0,2021,155.3
86.0,Taylor Heinicke,WAS,QB,28.0,16.0,15.0,321.0,494.0,3419.0,20.0,15.0,60.0,313.0,5.22,1.0,1.0,1.0,-2.0,-2.0,0.0,7.0,2.0,1.0,222.9,20.0,2021,116.0
89.0,Trevor Lawrence,JAX,QB,22.0,17.0,17.0,359.0,602.0,3641.0,12.0,17.0,73.0,334.0,4.58,2.0,0.0,0.0,0.0,,0.0,9.0,5.0,2.0,199.0,23.0,2021,295.6
90.0,Jared Goff,DET,QB,27.0,14.0,14.0,332.0,494.0,3245.0,19.0,8.0,17.0,87.0,5.12,0.0,0.0,0.0,0.0,,0.0,9.0,6.0,0.0,194.5,24.0,2021,284.3
91.0,Baker Mayfield,CLE,QB,26.0,14.0,14.0,253.0,418.0,3010.0,17.0,13.0,37.0,134.0,3.62,1.0,0.0,0.0,11.0,,0.0,6.0,3.0,1.0,180.9,26.0,2021,121.4
92.0,Tua Tagovailoa,MIA,QB,23.0,13.0,12.0,263.0,388.0,2653.0,16.0,10.0,42.0,128.0,3.05,3.0,0.0,0.0,0.0,,0.0,9.0,1.0,3.0,180.9,25.0,2021,230.9
93.0,Daniel Jones,NYG,QB,24.0,11.0,11.0,232.0,361.0,2428.0,10.0,7.0,62.0,298.0,4.81,2.0,1.0,1.0,16.0,16.0,0.0,7.0,3.0,2.0,167.5,27.0,2021,289.0
94.0,Sam Darnold,CAR,QB,24.0,12.0,11.0,243.0,406.0,2527.0,9.0,13.0,48.0,222.0,4.63,5.0,0.0,0.0,0.0,,0.0,9.0,4.0,5.0,157.3,28.0,2021,86.3
95.0,Davis Mills,HOU,QB,23.0,13.0,11.0,263.0,394.0,2664.0,16.0,10.0,18.0,44.0,2.44,0.0,0.0,0.0,0.0,,0.0,5.0,1.0,0.0,157.0,29.0,2021,181.5
96.0,Zach Wilson,NYJ,QB,22.0,13.0,13.0,213.0,383.0,2334.0,9.0,11.0,29.0,185.0,6.38,4.0,1.0,0.0,0.0,,0.0,5.0,1.0,4.0,151.9,30.0,2021,98.9
99.0,Justin Fields,CHI,QB,22.0,12.0,10.0,159.0,270.0,1870.0,7.0,10.0,72.0,420.0,5.83,2.0,0.0,0.0,0.0,,0.0,12.0,5.0,2.0,126.8,31.0,2021,296.0
106.0,Taysom Hill,NOR,QB,31.0,12.0,9.0,78.0,134.0,978.0,4.0,5.0,70.0,374.0,5.34,5.0,6.0,4.0,52.0,13.0,0.0,2.0,0.0,5.0,121.7,32.0,2021,145.8
109.0,Jameis Winston,NOR,QB,27.0,7.0,7.0,95.0,161.0,1170.0,14.0,3.0,32.0,166.0,5.19,1.0,0.0,0.0,0.0,,0.0,2.0,1.0,1.0,117.4,33.0,2021,43.9
156.0,Andy Dalton,CHI,QB,34.0,8.0,6.0,149.0,236.0,1515.0,8.0,9.0,16.0,76.0,4.75,0.0,0.0,0.0,0.0,,0.0,1.0,1.0,0.0,84.2,36.0,2021,174.2
160.0,Tyler Huntley,BAL,QB,23.0,7.0,4.0,122.0,188.0,1081.0,3.0,4.0,47.0,294.0,6.26,2.0,0.0,0.0,0.0,,0.0,4.0,3.0,2.0,82.6,37.0,2021,50.0
180.0,Jacoby Brissett,MIA,QB,29.0,11.0,5.0,141.0,225.0,1283.0,5.0,4.0,19.0,70.0,3.68,1.0,0.0,0.0,0.0,,0.0,6.0,3.0,1.0,72.3,39.0,2021,168.6
219.0,Geno Smith,SEA,QB,31.0,4.0,3.0,65.0,95.0,702.0,5.0,1.0,9.0,42.0,4.67,1.0,0.0,0.0,0.0,,0.0,1.0,1.0,1.0,54.3,41.0,2021,303.9
249.0,Mike White,NYJ,QB,26.0,4.0,3.0,88.0,132.0,953.0,5.0,8.0,5.0,-1.0,-0.2,0.0,0.0,0.0,0.0,,0.0,0.0,0.0,0.0,44.0,44.0,2021,56.6
