Rk,Player,Tm,FantPos,Age,G,GS,Cmp,P_Att,P_Yds,P_TD,Int,R_Att,R_Yds,Y/A,R_TD,Tgt,Rec,RE_Yds,Y/R,RE_TD,Fmb,FL,TD,PPR,PosRank,Year,label
8.0,Tony Gonzalez,KAN,TE,24.0,16.0,16.0,0.0,0.0,0.0,0.0,0.0,0.0,0.0,,0.0,150.0,93.0,1203.0,12.94,9.0,0.0,,9.0,267.3,1.0,2000,205.2
37.0,Shannon Sharpe,BAL,TE,32.0,16.0,15.0,0.0,0.0,0.0,0.0,0.0,0.0,0.0,,0.0,105.0,67.0,810.0,12.09,5.0,0.0,,5.0,178.0,2.0,2000,164.1
42.0,Freddie Jones,SDG,TE,26.0,16.0,16.0,0.0,0.0,0.0,0.0,0.0,0.0,0.0,,0.0,126.0,71.0,766.0,10.79,5.0,3.0,2.0,5.0,173.6,3.0,2000,97.8
48.0,Kyle Brady,JAX,TE,28.0,16.0,15.0,0.0,0.0,0.0,0.0,0.0,0.0,0.0,,0.0,94.0,64.0,729.0,11.39,3.0,0.0,,3.0,156.9,4.0,2000,86.6
50.0,Chad Lewis,PHI,TE,29.0,16.0,16.0,0.0,0.0,0.0,0.0,0.0,0.0,0.0,,0.0,110.0,69.0,735.0,10.65,3.0,0.0,,3.0,160.5,5.0,2000,119.2
52.0,Frank Wycheck,TEN,TE,29.0,16.0,16.0,2.0,2.0,53.0,1.0,0.0,0.0,0.0,,0.0,109.0,70.0,636.0,9.09,4.0,2.0,3.0,4.0,157.7,6.0,2000,152.1
64.0,Ken Dilger,IND,TE,29.0,16.0,16.0,0.0,0.0,0.0,0.0,0.0,0.0,0.0,,0.0,72.0,47.0,538.0,11.45,3.0,1.0,1.0,3.0,116.8,7.0,2000,75.9
67.0,Dwayne Carswell,DEN,TE,28.0,16.0,16.0,0.0,0.0,0.0,0.0,0.0,0.0,0.0,,0.0,64.0,49.0,495.0,10.1,3.0,0.0,,3.0,116.5,8.0,2000,89.9
68.0,Jay Riemersma,BUF,TE,27.0,12.0,12.0,0.0,0.0,0.0,0.0,0.0,0.0,0.0,,0.0,60.0,31.0,372.0,12.0,5.0,1.0,1.0,5.0,96.2,9.0,2000,130.0
71.0,Marcus Pollard,IND,TE,28.0,16.0,14.0,0.0,0.0,0.0,0.0,0.0,0.0,0.0,,0.0,42.0,30.0,439.0,14.63,3.0,0.0,,3.0,93.9,10.0,2000,168.9
175.0,Wesley Walls,CAR,TE,34.0,8.0,8.0,0.0,0.0,0.0,0.0,0.0,0.0,0.0,,0.0,49.0,31.0,422.0,13.61,2.0,0.0,,2.0,85.2,14.0,2000,118.2
177.0,Desmond Clark,DEN,TE,23.0,16.0,2.0,0.0,0.0,0.0,0.0,0.0,0.0,0.0,,0.0,38.0,27.0,339.0,12.56,3.0,0.0,,3.0,78.9,16.0,2000,143.6
179.0,David Sloan,DET,TE,28.0,15.0,10.0,0.0,0.0,0.0,0.0,0.0,0.0,0.0,,0.0,60.0,32.0,379.0,11.84,2.0,0.0,,2.0,81.9,17.0,2000,119.9
187.0,Dave Moore,TAM,TE,31.0,16.0,16.0,0.0,0.0,0.0,0.0,0.0,0.0,0.0,,0.0,54.0,29.0,288.0,9.93,3.0,0.0,,3.0,75.8,19.0,2000,87.5
196.0,Bubba Franks,GNB,TE,22.0,16.0,13.0,0.0,0.0,0.0,0.0,0.0,0.0,0.0,,0.0,55.0,34.0,363.0,10.68,1.0,1.0,,1.0,76.3,22.0,2000,122.2
218.0,Byron Chamberlain,DEN,TE,29.0,15.0,0.0,0.0,0.0,0.0,0.0,0.0,0.0,0.0,,0.0,32.0,22.0,283.0,12.86,1.0,0.0,,1.0,56.3,29.0,2000,139.6
232.0,Jermaine Wiggins,2TM,TE,25.0,15.0,2.0,0.0,0.0,0.0,0.0,0.0,0.0,0.0,,0.0,28.0,18.0,207.0,11.5,2.0,1.0,1.0,2.0,48.7,30.0,2000,51.3
237.0,Roland Williams,STL,TE,25.0,16.0,11.0,0.0,0.0,0.0,0.0,0.0,0.0,0.0,,0.0,25.0,11.0,102.0,9.27,3.0,0.0,,3.0,41.2,32.0,2000,80.8
250.0,Brian Kozlowski,ATL,TE,30.0,16.0,3.0,0.0,0.0,0.0,0.0,0.0,0.0,0.0,,0.0,25.0,15.0,151.0,10.07,2.0,0.0,,2.0,42.1,36.0,2000,48.0
18.0,Tony Gonzalez,KAN,TE,25.0,16.0,16.0,1.0,1.0,40.0,0.0,0.0,1.0,9.0,9.0,0.0,118.0,73.0,917.0,12.56,6.0,0.0,,6.0,205.2,1.0,2001,182.3
28.0,Marcus Pollard,IND,TE,29.0,16.0,16.0,0.0,0.0,0.0,0.0,0.0,0.0,0.0,,0.0,73.0,47.0,739.0,15.72,8.0,0.0,,8.0,168.9,2.0,2001,126.8
47.0,Frank Wycheck,TEN,TE,30.0,16.0,16.0,1.0,1.0,21.0,0.0,0.0,1.0,1.0,1.0,0.0,84.0,60.0,672.0,11.2,4.0,0.0,,4.0,152.1,4.0,2001,85.1
49.0,Shannon Sharpe,BAL,TE,33.0,16.0,15.0,0.0,0.0,0.0,0.0,0.0,0.0,0.0,,0.0,114.0,73.0,811.0,11.11,2.0,1.0,1.0,2.0,164.1,5.0,2001,147.6
54.0,Bubba Franks,GNB,TE,23.0,16.0,14.0,0.0,0.0,0.0,0.0,0.0,0.0,0.0,,0.0,49.0,36.0,322.0,8.94,9.0,0.0,,9.0,122.2,6.0,2001,145.4
57.0,Byron Chamberlain,MIN,TE,30.0,16.0,15.0,0.0,0.0,0.0,0.0,0.0,0.0,0.0,,0.0,81.0,57.0,666.0,11.68,3.0,1.0,1.0,3.0,139.6,8.0,2001,72.9
66.0,Chad Lewis,PHI,TE,30.0,15.0,15.0,0.0,0.0,0.0,0.0,0.0,0.0,0.0,,0.0,68.0,41.0,422.0,10.29,6.0,2.0,,6.0,119.2,9.0,2001,99.8
68.0,Jay Riemersma,BUF,TE,28.0,16.0,15.0,0.0,0.0,0.0,0.0,0.0,0.0,0.0,,0.0,78.0,53.0,590.0,11.13,3.0,0.0,,3.0,130.0,10.0,2001,67.0
71.0,Wesley Walls,CAR,TE,35.0,14.0,14.0,0.0,0.0,0.0,0.0,0.0,0.0,0.0,,0.0,73.0,43.0,452.0,10.51,5.0,0.0,,5.0,118.2,11.0,2001,67.1
144.0,Ernie Conwell,STL,TE,29.0,16.0,14.0,0.0,0.0,0.0,0.0,0.0,7.0,28.0,4.0,1.0,52.0,38.0,431.0,11.34,4.0,2.0,2.0,5.0,109.9,12.0,2001,96.9
161.0,Freddie Jones,SDG,TE,27.0,14.0,9.0,0.0,0.0,0.0,0.0,0.0,0.0,0.0,,0.0,60.0,35.0,388.0,11.09,4.0,0.0,,4.0,97.8,13.0,2001,85.8
163.0,Anthony Becht,NYJ,TE,24.0,16.0,15.0,0.0,0.0,0.0,0.0,0.0,0.0,0.0,,0.0,53.0,36.0,321.0,8.92,5.0,0.0,,5.0,98.1,14.0,2001,84.3
179.0,Kyle Brady,JAX,TE,29.0,16.0,16.0,0.0,0.0,0.0,0.0,0.0,0.0,0.0,,0.0,63.0,36.0,386.0,10.72,2.0,0.0,,2.0,86.6,18.0,2001,113.1
183.0,Alge Crumpler,ATL,TE,24.0,16.0,12.0,0.0,0.0,0.0,0.0,0.0,0.0,0.0,,0.0,41.0,25.0,330.0,13.2,3.0,1.0,1.0,3.0,74.0,19.0,2001,111.5
191.0,Ken Dilger,IND,TE,30.0,16.0,16.0,1.0,1.0,39.0,1.0,0.0,0.0,0.0,,0.0,54.0,32.0,343.0,10.72,1.0,2.0,2.0,1.0,75.9,21.0,2001,78.9
237.0,Mikhael Ricks,KAN,TE,27.0,16.0,0.0,0.0,0.0,0.0,0.0,0.0,0.0,0.0,,0.0,30.0,18.0,252.0,14.0,1.0,0.0,,1.0,49.2,29.0,2001,78.9
246.0,Jim Kleinsasser,MIN,TE,24.0,11.0,11.0,0.0,0.0,0.0,0.0,0.0,23.0,72.0,3.13,1.0,28.0,24.0,184.0,7.67,0.0,2.0,2.0,1.0,51.6,31.0,2001,84.0
20.0,Todd Heap,BAL,TE,22.0,16.0,16.0,0.0,1.0,0.0,0.0,0.0,4.0,38.0,9.5,0.0,122.0,68.0,836.0,12.29,6.0,0.0,,6.0,193.4,1.0,2002,154.4
25.0,Tony Gonzalez,KAN,TE,26.0,16.0,16.0,0.0,0.0,0.0,0.0,0.0,0.0,0.0,,0.0,99.0,63.0,773.0,12.27,7.0,0.0,,7.0,182.3,2.0,2002,222.6
41.0,Jeremy Shockey,NYG,TE,22.0,15.0,14.0,0.0,0.0,0.0,0.0,0.0,0.0,0.0,,0.0,128.0,74.0,894.0,12.08,2.0,3.0,2.0,2.0,171.4,3.0,2002,111.5
48.0,Bubba Franks,GNB,TE,24.0,16.0,15.0,1.0,1.0,31.0,1.0,0.0,0.0,0.0,,0.0,71.0,54.0,442.0,8.19,7.0,0.0,,7.0,145.4,4.0,2002,82.1
55.0,Shannon Sharpe,DEN,TE,34.0,13.0,13.0,0.0,0.0,0.0,0.0,0.0,0.0,0.0,,0.0,88.0,61.0,686.0,11.25,3.0,0.0,,3.0,147.6,5.0,2002,187.0
57.0,Marcus Pollard,IND,TE,30.0,15.0,15.0,0.0,0.0,0.0,0.0,0.0,0.0,0.0,,0.0,69.0,43.0,478.0,11.12,6.0,1.0,1.0,6.0,126.8,6.0,2002,112.1
61.0,Billy Miller,HOU,TE,25.0,16.0,7.0,0.0,0.0,0.0,0.0,0.0,0.0,0.0,,0.0,80.0,51.0,613.0,12.02,3.0,0.0,,3.0,130.3,7.0,2002,93.5
63.0,Alge Crumpler,ATL,TE,25.0,16.0,9.0,0.0,0.0,0.0,0.0,0.0,0.0,0.0,,0.0,58.0,36.0,455.0,12.64,5.0,0.0,,5.0,111.5,8.0,2002,115.2
68.0,Randy McMichael,MIA,TE,23.0,16.0,16.0,0.0,0.0,0.0,0.0,0.0,1.0,8.0,8.0,0.0,68.0,39.0,485.0,12.44,4.0,1.0,1.0,4.0,110.3,9.0,2002,126.8
71.0,Christian Fauria,NWE,TE,31.0,16.0,13.0,0.0,0.0,0.0,0.0,0.0,0.0,0.0,,0.0,40.0,27.0,253.0,9.37,7.0,0.0,,7.0,96.3,11.0,2002,68.5
170.0,Ernie Conwell,STL,TE,30.0,16.0,11.0,0.0,0.0,0.0,0.0,0.0,6.0,30.0,5.0,1.0,48.0,34.0,419.0,12.32,2.0,0.0,,3.0,96.9,12.0,2002,67.0
172.0,Itula Mili,SEA,TE,29.0,16.0,12.0,0.0,0.0,0.0,0.0,0.0,0.0,0.0,,0.0,64.0,43.0,508.0,11.81,2.0,1.0,,2.0,105.8,13.0,2002,119.2
183.0,Chad Lewis,PHI,TE,31.0,16.0,16.0,0.0,0.0,0.0,0.0,0.0,0.0,0.0,,0.0,67.0,42.0,398.0,9.48,3.0,2.0,2.0,3.0,99.8,14.0,2002,58.3
187.0,Anthony Becht,NYJ,TE,25.0,16.0,15.0,0.0,0.0,0.0,0.0,0.0,0.0,0.0,,0.0,44.0,28.0,243.0,8.68,5.0,0.0,,5.0,84.3,16.0,2002,101.6
200.0,Mikhael Ricks,DET,TE,28.0,14.0,12.0,0.0,0.0,0.0,0.0,0.0,0.0,0.0,,0.0,68.0,27.0,339.0,12.56,3.0,0.0,,3.0,78.9,18.0,2002,92.4
208.0,Jim Kleinsasser,MIN,TE,25.0,14.0,12.0,0.0,0.0,0.0,0.0,0.0,6.0,17.0,2.83,0.0,50.0,37.0,393.0,10.62,1.0,0.0,,1.0,84.0,20.0,2002,111.6
223.0,Freddie Jones,ARI,TE,28.0,16.0,16.0,0.0,0.0,0.0,0.0,0.0,0.0,0.0,,0.0,81.0,44.0,358.0,8.14,1.0,0.0,,1.0,85.8,24.0,2002,124.7
243.0,Mark Campbell,CLE,TE,27.0,16.0,16.0,0.0,0.0,0.0,0.0,0.0,0.0,0.0,,0.0,46.0,25.0,179.0,7.16,3.0,0.0,,3.0,60.9,29.0,2002,73.9
11.0,Tony Gonzalez,KAN,TE,27.0,16.0,16.0,0.0,0.0,0.0,0.0,0.0,0.0,0.0,,0.0,106.0,71.0,916.0,12.9,10.0,0.0,,10.0,222.6,1.0,2003,270.3
38.0,Todd Heap,BAL,TE,23.0,16.0,16.0,0.0,0.0,0.0,0.0,0.0,3.0,21.0,7.0,0.0,112.0,57.0,693.0,12.16,3.0,1.0,,3.0,154.4,3.0,2003,75.3
54.0,Randy McMichael,MIA,TE,24.0,16.0,16.0,0.0,0.0,0.0,0.0,0.0,0.0,0.0,,0.0,83.0,49.0,598.0,12.2,2.0,0.0,,3.0,126.8,4.0,2003,178.1
56.0,Boo Williams,NOR,TE,24.0,16.0,6.0,0.0,0.0,0.0,0.0,0.0,0.0,0.0,,0.0,62.0,41.0,436.0,10.63,5.0,0.0,,5.0,114.6,5.0,2003,79.2
60.0,Marcus Pollard,IND,TE,31.0,14.0,13.0,0.0,0.0,0.0,0.0,0.0,0.0,0.0,,0.0,57.0,40.0,541.0,13.53,3.0,1.0,,3.0,112.1,7.0,2003,95.9
61.0,Alge Crumpler,ATL,TE,26.0,16.0,16.0,0.0,0.0,0.0,0.0,0.0,0.0,0.0,,0.0,80.0,44.0,552.0,12.55,3.0,1.0,1.0,3.0,115.2,8.0,2003,159.4
66.0,Freddie Jones,ARI,TE,29.0,16.0,16.0,0.0,0.0,0.0,0.0,0.0,0.0,0.0,,0.0,89.0,55.0,517.0,9.4,3.0,0.0,,3.0,124.7,9.0,2003,99.6
74.0,Daniel Graham,NWE,TE,25.0,14.0,9.0,0.0,0.0,0.0,0.0,0.0,0.0,0.0,,0.0,63.0,38.0,409.0,10.76,4.0,0.0,,4.0,102.9,11.0,2003,108.4
169.0,Jeremy Shockey,NYG,TE,23.0,9.0,9.0,0.0,0.0,0.0,0.0,0.0,0.0,0.0,,0.0,70.0,48.0,535.0,11.15,2.0,1.0,1.0,2.0,111.5,12.0,2003,163.6
178.0,Erron Kinney,TEN,TE,26.0,16.0,16.0,0.0,0.0,0.0,0.0,0.0,0.0,0.0,,0.0,58.0,41.0,381.0,9.29,3.0,1.0,,4.0,103.1,13.0,2003,62.3
199.0,Bubba Franks,GNB,TE,25.0,16.0,15.0,0.0,0.0,0.0,0.0,0.0,0.0,0.0,,0.0,44.0,30.0,241.0,8.03,4.0,0.0,,4.0,82.1,17.0,2003,112.1
208.0,Antonio Gates,SDG,TE,23.0,15.0,11.0,0.0,0.0,0.0,0.0,0.0,0.0,0.0,,0.0,42.0,24.0,389.0,16.21,2.0,1.0,1.0,2.0,72.9,20.0,2003,255.4
218.0,Matt Schobel,CIN,TE,25.0,15.0,1.0,0.0,0.0,0.0,0.0,0.0,0.0,0.0,,0.0,30.0,24.0,332.0,13.83,2.0,2.0,,2.0,69.2,21.0,2003,63.1
233.0,Jason Witten,DAL,TE,21.0,15.0,7.0,0.0,0.0,0.0,0.0,0.0,0.0,0.0,,0.0,54.0,35.0,347.0,9.91,1.0,0.0,,1.0,75.7,23.0,2003,221.0
234.0,Mark Campbell,BUF,TE,28.0,16.0,11.0,0.0,0.0,0.0,0.0,0.0,0.0,0.0,,0.0,50.0,34.0,339.0,9.97,1.0,0.0,,1.0,73.9,26.0,2003,67.3
235.0,Dallas Clark,IND,TE,24.0,10.0,10.0,0.0,0.0,0.0,0.0,0.0,0.0,0.0,,0.0,42.0,29.0,340.0,11.72,1.0,0.0,,1.0,69.0,25.0,2003,95.3
244.0,LJ Smith,PHI,TE,23.0,15.0,5.0,0.0,0.0,0.0,0.0,0.0,0.0,0.0,,0.0,46.0,27.0,321.0,11.89,1.0,1.0,,1.0,65.1,27.0,2003,101.7
250.0,Chad Lewis,PHI,TE,32.0,16.0,14.0,0.0,0.0,0.0,0.0,0.0,0.0,0.0,,0.0,40.0,23.0,293.0,12.74,1.0,0.0,,1.0,58.3,29.0,2003,73.7
8.0,Antonio Gates,SDG,TE,24.0,15.0,15.0,0.0,0.0,0.0,0.0,0.0,0.0,0.0,,0.0,114.0,81.0,964.0,11.9,13.0,0.0,,13.0,255.4,1.0,2004,259.1
11.0,Tony Gonzalez,KAN,TE,28.0,16.0,16.0,0.0,0.0,0.0,0.0,0.0,1.0,5.0,5.0,0.0,148.0,102.0,1258.0,12.33,7.0,0.0,,7.0,270.3,2.0,2004,180.5
21.0,Jason Witten,DAL,TE,22.0,16.0,15.0,0.0,0.0,0.0,0.0,0.0,0.0,0.0,,0.0,122.0,87.0,980.0,11.26,6.0,2.0,1.0,6.0,221.0,3.0,2004,177.7
27.0,Alge Crumpler,ATL,TE,27.0,14.0,14.0,0.0,0.0,0.0,0.0,0.0,0.0,0.0,,0.0,74.0,48.0,774.0,16.13,6.0,1.0,1.0,6.0,159.4,4.0,2004,182.7
37.0,Randy McMichael,MIA,TE,25.0,16.0,16.0,0.0,0.0,0.0,0.0,0.0,0.0,0.0,,0.0,118.0,73.0,791.0,10.84,4.0,2.0,,4.0,178.1,5.0,2004,146.2
41.0,Jeremy Shockey,NYG,TE,24.0,15.0,15.0,0.0,0.0,0.0,0.0,0.0,0.0,0.0,,0.0,97.0,61.0,666.0,10.92,6.0,1.0,,6.0,163.6,6.0,2004,198.1
49.0,Jermaine Wiggins,MIN,TE,29.0,14.0,13.0,0.0,0.0,0.0,0.0,0.0,0.0,0.0,,0.0,92.0,71.0,705.0,9.93,4.0,1.0,,4.0,165.5,7.0,2004,131.8
65.0,Daniel Graham,NWE,TE,26.0,14.0,14.0,0.0,0.0,0.0,0.0,0.0,0.0,0.0,,0.0,48.0,30.0,364.0,12.13,7.0,0.0,,7.0,108.4,9.0,2004,57.5
73.0,Dallas Clark,IND,TE,25.0,15.0,13.0,0.0,0.0,0.0,0.0,0.0,0.0,0.0,,0.0,39.0,25.0,423.0,16.92,5.0,2.0,1.0,5.0,95.3,11.0,2004,109.8
76.0,Jeb Putzier,DEN,TE,25.0,16.0,5.0,0.0,0.0,0.0,0.0,0.0,0.0,0.0,,0.0,54.0,36.0,572.0,15.89,2.0,0.0,,2.0,105.2,12.0,2004,87.1
146.0,LJ Smith,PHI,TE,24.0,16.0,8.0,0.0,0.0,0.0,0.0,0.0,0.0,0.0,,0.0,54.0,34.0,377.0,11.09,5.0,0.0,,5.0,101.7,13.0,2004,145.2
150.0,Chris Cooley,WAS,TE,22.0,16.0,9.0,0.0,0.0,0.0,0.0,0.0,0.0,0.0,,0.0,63.0,37.0,314.0,8.49,6.0,0.0,,6.0,104.4,14.0,2004,188.4
151.0,Marcus Pollard,IND,TE,32.0,13.0,13.0,0.0,0.0,0.0,0.0,0.0,0.0,0.0,,0.0,41.0,29.0,309.0,10.66,6.0,0.0,,6.0,95.9,15.0,2004,113.6
171.0,Steve Heiden,CLE,TE,28.0,13.0,13.0,0.0,0.0,0.0,0.0,0.0,0.0,0.0,,0.0,42.0,28.0,287.0,10.25,5.0,1.0,1.0,5.0,86.7,16.0,2004,101.1
185.0,Jerramy Stevens,SEA,TE,25.0,16.0,5.0,0.0,0.0,0.0,0.0,0.0,0.0,0.0,,0.0,47.0,31.0,349.0,11.26,3.0,0.0,,3.0,85.9,17.0,2004,130.4
207.0,Todd Heap,BAL,TE,24.0,6.0,5.0,0.0,0.0,0.0,0.0,0.0,0.0,0.0,,0.0,44.0,27.0,303.0,11.22,3.0,0.0,,3.0,75.3,23.0,2004,200.5
221.0,Doug Jolley,OAK,TE,25.0,16.0,13.0,0.0,0.0,0.0,0.0,0.0,0.0,0.0,,0.0,48.0,27.0,313.0,11.59,2.0,0.0,,2.0,70.3,27.0,2004,65.4
230.0,Chris Baker,NYJ,TE,25.0,16.0,0.0,0.0,0.0,0.0,0.0,0.0,0.0,0.0,,0.0,29.0,18.0,182.0,10.11,4.0,1.0,1.0,4.0,58.2,29.0,2004,50.9
235.0,Ben Troupe,TEN,TE,22.0,14.0,7.0,0.0,0.0,0.0,0.0,0.0,0.0,0.0,,0.0,54.0,33.0,329.0,9.97,1.0,2.0,,1.0,71.9,30.0,2004,132.0
239.0,Erron Kinney,TEN,TE,27.0,9.0,9.0,0.0,0.0,0.0,0.0,0.0,0.0,0.0,,0.0,30.0,25.0,193.0,7.72,3.0,0.0,,3.0,62.3,31.0,2004,121.3
8.0,Antonio Gates,SDG,TE,25.0,15.0,15.0,0.0,0.0,0.0,0.0,0.0,0.0,0.0,,0.0,140.0,89.0,1101.0,12.37,10.0,0.0,,10.0,259.1,1.0,2005,217.4
22.0,Jeremy Shockey,NYG,TE,25.0,15.0,15.0,0.0,0.0,0.0,0.0,0.0,0.0,0.0,,0.0,121.0,65.0,891.0,13.71,7.0,0.0,,7.0,198.1,2.0,2005,170.3
27.0,Todd Heap,BAL,TE,25.0,16.0,16.0,0.0,0.0,0.0,0.0,0.0,0.0,0.0,,0.0,114.0,75.0,855.0,11.4,7.0,2.0,1.0,7.0,200.5,3.0,2005,185.5
31.0,Alge Crumpler,ATL,TE,28.0,16.0,16.0,0.0,0.0,0.0,0.0,0.0,0.0,0.0,,0.0,118.0,65.0,877.0,13.49,5.0,1.0,1.0,5.0,182.7,4.0,2005,182.0
32.0,Chris Cooley,WAS,TE,23.0,16.0,16.0,0.0,0.0,0.0,0.0,0.0,0.0,0.0,,0.0,103.0,71.0,774.0,10.9,7.0,3.0,1.0,7.0,188.4,5.0,2005,168.4
36.0,Jason Witten,DAL,TE,23.0,16.0,16.0,0.0,0.0,0.0,0.0,0.0,0.0,0.0,,0.0,89.0,66.0,757.0,11.47,6.0,0.0,,6.0,177.7,6.0,2005,145.4
48.0,Tony Gonzalez,KAN,TE,29.0,16.0,16.0,0.0,0.0,0.0,0.0,0.0,0.0,0.0,,0.0,116.0,78.0,905.0,11.6,2.0,0.0,,2.0,180.5,7.0,2005,195.0
64.0,Randy McMichael,MIA,TE,26.0,16.0,16.0,0.0,0.0,0.0,0.0,0.0,0.0,0.0,,0.0,104.0,60.0,582.0,9.7,5.0,1.0,1.0,5.0,146.2,8.0,2005,144.0
65.0,Jerramy Stevens,SEA,TE,26.0,16.0,11.0,0.0,0.0,0.0,0.0,0.0,0.0,0.0,,0.0,68.0,45.0,554.0,12.31,5.0,0.0,,5.0,130.4,9.0,2005,69.1
66.0,LJ Smith,PHI,TE,25.0,16.0,16.0,0.0,0.0,0.0,0.0,0.0,0.0,0.0,,0.0,107.0,61.0,682.0,11.18,3.0,1.0,1.0,3.0,145.2,10.0,2005,143.1
71.0,Heath Miller,PIT,TE,23.0,16.0,15.0,0.0,0.0,0.0,0.0,0.0,0.0,0.0,,0.0,52.0,39.0,459.0,11.77,6.0,0.0,,6.0,120.9,11.0,2005,103.3
152.0,Dallas Clark,IND,TE,26.0,15.0,14.0,0.0,0.0,0.0,0.0,0.0,0.0,0.0,,0.0,52.0,37.0,488.0,13.19,4.0,0.0,,4.0,109.8,13.0,2005,90.7
166.0,Ben Watson,NWE,TE,25.0,15.0,9.0,0.0,0.0,0.0,0.0,0.0,0.0,0.0,,0.0,54.0,29.0,441.0,15.21,4.0,1.0,1.0,4.0,95.1,16.0,2005,127.3
176.0,Jermaine Wiggins,MIN,TE,30.0,16.0,8.0,0.0,0.0,0.0,0.0,0.0,0.0,0.0,,0.0,92.0,69.0,568.0,8.23,1.0,0.0,,1.0,131.8,17.0,2005,90.6
183.0,Steve Heiden,CLE,TE,29.0,15.0,13.0,0.0,0.0,0.0,0.0,0.0,0.0,0.0,,0.0,60.0,43.0,401.0,9.33,3.0,0.0,,3.0,101.1,18.0,2005,72.9
208.0,Courtney Anderson,OAK,TE,25.0,14.0,13.0,0.0,0.0,0.0,0.0,0.0,0.0,0.0,,0.0,48.0,24.0,303.0,12.63,3.0,1.0,,3.0,72.3,22.0,2005,65.5
221.0,Daniel Graham,NWE,TE,27.0,11.0,9.0,0.0,0.0,0.0,0.0,0.0,0.0,0.0,,0.0,25.0,16.0,235.0,14.69,3.0,1.0,,3.0,57.5,25.0,2005,54.5
223.0,David Martin,GNB,TE,26.0,12.0,8.0,0.0,0.0,0.0,0.0,0.0,0.0,0.0,,0.0,39.0,27.0,224.0,8.3,3.0,0.0,,3.0,69.4,24.0,2005,52.8
232.0,Bo Scaife,TEN,TE,24.0,16.0,5.0,0.0,0.0,0.0,0.0,0.0,0.0,0.0,,0.0,56.0,37.0,273.0,7.38,2.0,0.0,,2.0,76.3,27.0,2005,83.3
236.0,Bryan Fletcher,IND,TE,26.0,16.0,12.0,0.0,0.0,0.0,0.0,0.0,0.0,0.0,,0.0,27.0,18.0,202.0,11.22,3.0,0.0,,3.0,56.2,28.0,2005,50.2
243.0,Desmond Clark,CHI,TE,28.0,16.0,16.0,0.0,0.0,0.0,0.0,0.0,0.0,0.0,,0.0,49.0,24.0,229.0,9.54,2.0,0.0,,2.0,58.9,30.0,2005,143.6
249.0,Chris Baker,NYJ,TE,26.0,8.0,8.0,0.0,0.0,0.0,0.0,0.0,0.0,0.0,,0.0,25.0,18.0,269.0,14.94,1.0,1.0,,1.0,50.9,32.0,2005,85.0
16.0,Antonio Gates,SDG,TE,26.0,16.0,16.0,0.0,0.0,0.0,0.0,0.0,0.0,0.0,,0.0,120.0,71.0,924.0,13.01,9.0,0.0,,9.0,217.4,1.0,2006,227.4
26.0,Alge Crumpler,ATL,TE,29.0,16.0,16.0,0.0,0.0,0.0,0.0,0.0,0.0,0.0,,0.0,103.0,56.0,780.0,13.93,8.0,0.0,,8.0,182.0,2.0,2006,116.4
28.0,Tony Gonzalez,KAN,TE,30.0,15.0,15.0,0.0,0.0,0.0,0.0,0.0,0.0,0.0,,0.0,104.0,73.0,900.0,12.33,5.0,1.0,,5.0,195.0,3.0,2006,246.2
35.0,Chris Cooley,WAS,TE,24.0,16.0,16.0,0.0,0.0,0.0,0.0,0.0,0.0,0.0,,0.0,95.0,57.0,734.0,12.88,6.0,0.0,,6.0,168.4,5.0,2006,194.6
42.0,Kellen Winslow,CLE,TE,23.0,16.0,16.0,0.0,0.0,0.0,0.0,0.0,0.0,0.0,,0.0,120.0,89.0,875.0,9.83,3.0,1.0,,3.0,194.5,6.0,2006,222.6
44.0,Jeremy Shockey,NYG,TE,26.0,15.0,15.0,0.0,0.0,0.0,0.0,0.0,0.0,0.0,,0.0,115.0,66.0,623.0,9.44,7.0,0.0,,7.0,170.3,7.0,2006,137.5
51.0,Desmond Clark,CHI,TE,29.0,16.0,16.0,0.0,0.0,0.0,0.0,0.0,0.0,0.0,,0.0,80.0,45.0,626.0,13.91,6.0,0.0,,6.0,143.6,8.0,2006,122.5
70.0,Randy McMichael,MIA,TE,27.0,16.0,16.0,0.0,0.0,0.0,0.0,0.0,0.0,0.0,,0.0,96.0,62.0,640.0,10.32,3.0,0.0,,3.0,144.0,10.0,2006,99.9
72.0,Jason Witten,DAL,TE,24.0,16.0,15.0,0.0,0.0,0.0,0.0,0.0,0.0,0.0,,0.0,90.0,64.0,754.0,11.78,1.0,0.0,,1.0,145.4,11.0,2006,250.5
146.0,Ben Watson,NWE,TE,26.0,13.0,13.0,0.0,0.0,0.0,0.0,0.0,0.0,0.0,,0.0,91.0,49.0,643.0,13.12,3.0,3.0,2.0,3.0,127.3,12.0,2006,112.0
158.0,Heath Miller,PIT,TE,24.0,16.0,16.0,0.0,0.0,0.0,0.0,0.0,0.0,0.0,,0.0,55.0,34.0,393.0,11.56,5.0,0.0,,5.0,103.3,13.0,2006,145.6
167.0,Owen Daniels,HOU,TE,24.0,14.0,12.0,0.0,0.0,0.0,0.0,0.0,0.0,0.0,,0.0,51.0,34.0,352.0,10.35,5.0,0.0,,5.0,99.2,14.0,2006,151.8
178.0,Dallas Clark,IND,TE,27.0,12.0,12.0,0.0,0.0,0.0,0.0,0.0,0.0,0.0,,0.0,57.0,30.0,367.0,12.23,4.0,0.0,,4.0,90.7,15.0,2006,188.5
189.0,Chris Baker,NYJ,TE,27.0,16.0,14.0,0.0,0.0,0.0,0.0,0.0,0.0,0.0,,0.0,45.0,31.0,300.0,9.68,4.0,0.0,,4.0,85.0,18.0,2006,97.9
191.0,Bo Scaife,TEN,TE,25.0,14.0,12.0,0.0,0.0,0.0,0.0,0.0,1.0,13.0,13.0,1.0,56.0,29.0,370.0,12.76,2.0,1.0,1.0,3.0,83.3,17.0,2006,92.1
195.0,Tony Scheffler,DEN,TE,23.0,13.0,5.0,0.0,0.0,0.0,0.0,0.0,1.0,3.0,3.0,0.0,37.0,18.0,286.0,15.89,4.0,0.0,,4.0,70.9,20.0,2006,131.9
206.0,Jerramy Stevens,SEA,TE,27.0,11.0,6.0,0.0,0.0,0.0,0.0,0.0,0.0,0.0,,0.0,48.0,22.0,231.0,10.5,4.0,1.0,1.0,4.0,69.1,21.0,2006,60.9
214.0,Vernon Davis,SFO,TE,22.0,10.0,8.0,0.0,0.0,0.0,0.0,0.0,2.0,5.0,2.5,0.0,42.0,20.0,265.0,13.25,3.0,1.0,1.0,3.0,63.0,23.0,2006,124.9
219.0,Eric Johnson,SFO,TE,27.0,13.0,9.0,0.0,0.0,0.0,0.0,0.0,0.0,0.0,,0.0,49.0,34.0,292.0,8.59,2.0,0.0,,2.0,75.2,24.0,2006,97.8
226.0,Robert Royal,BUF,TE,27.0,16.0,15.0,0.0,0.0,0.0,0.0,0.0,1.0,-9.0,-9.0,0.0,39.0,23.0,233.0,10.13,3.0,0.0,,3.0,63.4,27.0,2006,63.8
236.0,Ben Utecht,IND,TE,25.0,15.0,15.0,0.0,0.0,0.0,0.0,0.0,0.0,0.0,,0.0,53.0,37.0,377.0,10.19,0.0,1.0,1.0,0.0,72.7,29.0,2006,73.4
242.0,Daniel Graham,NWE,TE,28.0,12.0,11.0,0.0,0.0,0.0,0.0,0.0,0.0,0.0,,0.0,34.0,21.0,235.0,11.19,2.0,1.0,1.0,2.0,54.5,30.0,2006,60.6
249.0,David Martin,GNB,TE,27.0,11.0,4.0,0.0,0.0,0.0,0.0,0.0,0.0,0.0,,0.0,36.0,21.0,198.0,9.43,2.0,0.0,,2.0,52.8,33.0,2006,76.3
15.0,Jason Witten,DAL,TE,25.0,16.0,16.0,0.0,0.0,0.0,0.0,0.0,0.0,0.0,,0.0,141.0,96.0,1145.0,11.93,7.0,1.0,1.0,7.0,250.5,1.0,2007,201.9
16.0,Antonio Gates,SDG,TE,27.0,16.0,16.0,0.0,0.0,0.0,0.0,0.0,0.0,0.0,,0.0,117.0,75.0,984.0,13.12,9.0,0.0,,9.0,227.4,2.0,2007,176.4
18.0,Tony Gonzalez,KAN,TE,31.0,16.0,16.0,0.0,0.0,0.0,0.0,0.0,0.0,0.0,,0.0,153.0,99.0,1172.0,11.84,5.0,0.0,,5.0,246.2,3.0,2007,261.8
22.0,Kellen Winslow,CLE,TE,24.0,16.0,14.0,0.0,0.0,0.0,0.0,0.0,0.0,0.0,,0.0,148.0,82.0,1106.0,13.49,5.0,2.0,1.0,5.0,222.6,4.0,2007,101.8
28.0,Dallas Clark,IND,TE,28.0,15.0,15.0,0.0,0.0,0.0,0.0,0.0,2.0,29.0,14.5,0.0,101.0,58.0,616.0,10.62,11.0,0.0,,11.0,188.5,5.0,2007,195.8
31.0,Chris Cooley,WAS,TE,25.0,16.0,16.0,0.0,0.0,0.0,0.0,0.0,0.0,0.0,,0.0,110.0,66.0,786.0,11.91,8.0,1.0,,8.0,194.6,6.0,2007,169.9
53.0,Heath Miller,PIT,TE,25.0,16.0,16.0,0.0,0.0,0.0,0.0,0.0,0.0,0.0,,0.0,61.0,47.0,566.0,12.04,7.0,0.0,,7.0,145.6,7.0,2007,115.4
59.0,Donald Lee,GNB,TE,27.0,15.0,12.0,0.0,0.0,0.0,0.0,0.0,0.0,0.0,,0.0,63.0,48.0,575.0,11.98,6.0,1.0,1.0,6.0,139.5,8.0,2007,99.3
64.0,Owen Daniels,HOU,TE,25.0,16.0,16.0,0.0,0.0,0.0,0.0,0.0,0.0,0.0,,0.0,94.0,63.0,768.0,12.19,3.0,4.0,3.0,3.0,151.8,9.0,2007,166.2
70.0,Tony Scheffler,DEN,TE,24.0,16.0,7.0,0.0,0.0,0.0,0.0,0.0,0.0,0.0,,0.0,65.0,49.0,549.0,11.2,5.0,1.0,1.0,5.0,131.9,10.0,2007,120.4
73.0,Jeremy Shockey,NYG,TE,27.0,14.0,14.0,0.0,0.0,0.0,0.0,0.0,1.0,6.0,6.0,0.0,93.0,57.0,619.0,10.86,3.0,0.0,,3.0,137.5,11.0,2007,94.3
75.0,Desmond Clark,CHI,TE,30.0,16.0,16.0,0.0,0.0,0.0,0.0,0.0,0.0,0.0,,0.0,67.0,44.0,545.0,12.39,4.0,1.0,,4.0,122.5,12.0,2007,83.7
161.0,Vernon Davis,SFO,TE,23.0,14.0,14.0,0.0,0.0,0.0,0.0,0.0,0.0,0.0,,0.0,85.0,52.0,509.0,9.79,4.0,1.0,1.0,4.0,124.9,15.0,2007,77.9
180.0,Zach Miller,OAK,TE,22.0,16.0,16.0,0.0,0.0,0.0,0.0,0.0,0.0,0.0,,0.0,68.0,44.0,444.0,10.09,3.0,2.0,1.0,3.0,104.4,17.0,2007,139.8
198.0,Greg Olsen,CHI,TE,22.0,14.0,4.0,0.0,0.0,0.0,0.0,0.0,0.0,0.0,,0.0,66.0,39.0,391.0,10.03,2.0,0.0,,2.0,92.1,20.0,2007,137.4
208.0,Marcedes Lewis,JAX,TE,23.0,16.0,16.0,0.0,0.0,0.0,0.0,0.0,0.0,0.0,,0.0,57.0,37.0,391.0,10.57,2.0,0.0,,2.0,88.1,22.0,2007,101.9
223.0,Bo Scaife,TEN,TE,26.0,16.0,15.0,0.0,0.0,0.0,0.0,0.0,0.0,0.0,,0.0,78.0,46.0,421.0,9.15,1.0,2.0,1.0,1.0,92.1,25.0,2007,126.1
227.0,Billy Miller,NOR,TE,30.0,16.0,6.0,0.0,0.0,0.0,0.0,0.0,0.0,0.0,,0.0,38.0,27.0,328.0,12.15,2.0,0.0,,2.0,71.8,26.0,2007,108.9
233.0,Jerramy Stevens,TAM,TE,28.0,15.0,3.0,0.0,0.0,0.0,0.0,0.0,0.0,0.0,,0.0,21.0,18.0,189.0,10.5,4.0,0.0,,4.0,60.9,27.0,2007,87.7
235.0,David Martin,MIA,TE,28.0,15.0,15.0,0.0,0.0,0.0,0.0,0.0,0.0,0.0,,0.0,51.0,34.0,303.0,8.91,2.0,0.0,,2.0,76.3,29.0,2007,92.0
243.0,Robert Royal,BUF,TE,28.0,16.0,15.0,0.0,0.0,0.0,0.0,0.0,0.0,0.0,,0.0,38.0,25.0,248.0,9.92,3.0,2.0,2.0,3.0,63.8,31.0,2007,70.1
246.0,Daniel Graham,DEN,TE,29.0,15.0,15.0,0.0,0.0,0.0,0.0,0.0,0.0,0.0,,0.0,33.0,24.0,246.0,10.25,2.0,0.0,,2.0,60.6,32.0,2007,94.9
10.0,Tony Gonzalez,KAN,TE,32.0,16.0,16.0,0.0,0.0,0.0,0.0,0.0,0.0,0.0,,0.0,155.0,96.0,1058.0,11.02,10.0,0.0,,10.0,261.8,1.0,2008,205.7
32.0,Jason Witten,DAL,TE,26.0,16.0,16.0,1.0,1.0,42.0,0.0,0.0,0.0,0.0,,0.0,121.0,81.0,952.0,11.75,4.0,0.0,,4.0,201.9,2.0,2008,209.0
37.0,Dallas Clark,IND,TE,29.0,15.0,15.0,0.0,0.0,0.0,0.0,0.0,0.0,0.0,,0.0,107.0,77.0,848.0,11.01,6.0,2.0,1.0,6.0,195.8,3.0,2008,271.7
39.0,Antonio Gates,SDG,TE,28.0,16.0,16.0,0.0,0.0,0.0,0.0,0.0,0.0,0.0,,0.0,92.0,60.0,704.0,11.73,8.0,1.0,1.0,8.0,176.4,4.0,2008,242.7
52.0,Visanthe Shiancoe,MIN,TE,28.0,16.0,15.0,0.0,0.0,0.0,0.0,0.0,0.0,0.0,,0.0,59.0,42.0,596.0,14.19,7.0,0.0,,7.0,143.6,5.0,2008,178.6
56.0,Owen Daniels,HOU,TE,26.0,16.0,16.0,0.0,0.0,0.0,0.0,0.0,0.0,0.0,,0.0,101.0,70.0,862.0,12.31,2.0,2.0,1.0,2.0,166.2,6.0,2008,121.9
61.0,John Carlson,SEA,TE,24.0,16.0,9.0,0.0,0.0,0.0,0.0,0.0,0.0,0.0,,0.0,80.0,55.0,627.0,11.4,5.0,0.0,,5.0,147.7,7.0,2008,150.4
66.0,Anthony Fasano,MIA,TE,24.0,16.0,16.0,0.0,0.0,0.0,0.0,0.0,0.0,0.0,,0.0,53.0,34.0,454.0,13.35,7.0,0.0,,7.0,121.4,8.0,2008,74.9
68.0,Chris Cooley,WAS,TE,26.0,16.0,16.0,0.0,0.0,0.0,0.0,0.0,0.0,0.0,,0.0,111.0,83.0,849.0,10.23,1.0,3.0,2.0,1.0,169.9,9.0,2008,74.2
72.0,Greg Olsen,CHI,TE,23.0,16.0,7.0,0.0,0.0,0.0,0.0,0.0,0.0,0.0,,0.0,82.0,54.0,574.0,10.63,5.0,2.0,2.0,5.0,137.4,11.0,2008,169.2
149.0,Tony Scheffler,DEN,TE,25.0,13.0,7.0,0.0,0.0,0.0,0.0,0.0,1.0,-1.0,-1.0,0.0,61.0,40.0,645.0,16.13,3.0,1.0,1.0,3.0,120.4,12.0,2008,84.6
156.0,Kevin Boss,NYG,TE,24.0,15.0,15.0,0.0,0.0,0.0,0.0,0.0,0.0,0.0,,0.0,55.0,33.0,384.0,11.64,6.0,0.0,,6.0,107.4,13.0,2008,130.3
160.0,Dustin Keller,NYJ,TE,24.0,16.0,6.0,0.0,0.0,0.0,0.0,0.0,0.0,0.0,,0.0,78.0,48.0,535.0,11.15,3.0,0.0,,3.0,119.5,14.0,2008,109.9
167.0,Bo Scaife,TEN,TE,27.0,16.0,7.0,0.0,0.0,0.0,0.0,0.0,0.0,0.0,,0.0,84.0,58.0,561.0,9.67,2.0,1.0,,2.0,126.1,15.0,2008,93.0
168.0,Heath Miller,PIT,TE,26.0,14.0,14.0,0.0,0.0,0.0,0.0,0.0,0.0,0.0,,0.0,66.0,48.0,514.0,10.71,3.0,1.0,1.0,3.0,115.4,16.0,2008,190.9
186.0,Marcedes Lewis,JAX,TE,24.0,16.0,16.0,0.0,0.0,0.0,0.0,0.0,0.0,0.0,,0.0,74.0,41.0,489.0,11.93,2.0,0.0,,2.0,101.9,20.0,2008,95.8
191.0,Kellen Winslow,CLE,TE,25.0,10.0,8.0,0.0,0.0,0.0,0.0,0.0,0.0,0.0,,0.0,83.0,43.0,428.0,9.95,3.0,1.0,1.0,3.0,101.8,22.0,2008,196.1
193.0,Todd Heap,BAL,TE,28.0,16.0,16.0,0.0,0.0,0.0,0.0,0.0,0.0,0.0,,0.0,64.0,35.0,403.0,11.51,3.0,1.0,1.0,3.0,91.3,23.0,2008,148.5
218.0,Vernon Davis,SFO,TE,24.0,16.0,16.0,0.0,0.0,0.0,0.0,0.0,1.0,11.0,11.0,0.0,49.0,31.0,358.0,11.55,2.0,2.0,1.0,2.0,77.9,27.0,2008,252.5
227.0,Jeremy Shockey,NOR,TE,28.0,12.0,11.0,0.0,0.0,0.0,0.0,0.0,0.0,0.0,,0.0,72.0,50.0,483.0,9.66,0.0,2.0,2.0,0.0,94.3,29.0,2008,122.9
234.0,Brent Celek,PHI,TE,23.0,16.0,7.0,0.0,0.0,0.0,0.0,0.0,0.0,0.0,,0.0,38.0,27.0,318.0,11.78,1.0,0.0,,1.0,64.8,31.0,2008,221.1
13.0,Vernon Davis,SFO,TE,25.0,16.0,16.0,0.0,0.0,0.0,0.0,0.0,0.0,0.0,,0.0,128.0,78.0,965.0,12.37,13.0,0.0,,13.0,252.5,1.0,2009,191.4
15.0,Dallas Clark,IND,TE,30.0,16.0,16.0,0.0,0.0,0.0,0.0,0.0,2.0,11.0,5.5,0.0,133.0,100.0,1106.0,11.06,10.0,1.0,,10.0,271.7,2.0,2009,89.7
21.0,Antonio Gates,SDG,TE,29.0,16.0,16.0,0.0,0.0,0.0,0.0,0.0,0.0,0.0,,0.0,114.0,79.0,1157.0,14.65,8.0,1.0,,8.0,242.7,3.0,2009,188.2
33.0,Brent Celek,PHI,TE,24.0,16.0,15.0,0.0,0.0,0.0,0.0,0.0,0.0,0.0,,0.0,112.0,76.0,971.0,12.78,8.0,0.0,,8.0,221.1,4.0,2009,117.1
51.0,Tony Gonzalez,ATL,TE,33.0,16.0,16.0,0.0,0.0,0.0,0.0,0.0,0.0,0.0,,0.0,134.0,83.0,867.0,10.45,6.0,0.0,,6.0,205.7,5.0,2009,171.6
52.0,Visanthe Shiancoe,MIN,TE,29.0,16.0,13.0,0.0,0.0,0.0,0.0,0.0,0.0,0.0,,0.0,79.0,56.0,566.0,10.11,11.0,0.0,,11.0,178.6,6.0,2009,112.0
55.0,Kellen Winslow,TAM,TE,26.0,16.0,14.0,0.0,0.0,0.0,0.0,0.0,1.0,7.0,7.0,0.0,127.0,77.0,884.0,11.48,5.0,0.0,,5.0,196.1,7.0,2009,169.0
58.0,Jason Witten,DAL,TE,27.0,16.0,16.0,0.0,0.0,0.0,0.0,0.0,0.0,0.0,,0.0,124.0,94.0,1030.0,10.96,2.0,0.0,,2.0,209.0,8.0,2009,248.2
59.0,Heath Miller,PIT,TE,27.0,16.0,16.0,0.0,0.0,0.0,0.0,0.0,0.0,0.0,,0.0,98.0,76.0,789.0,10.38,6.0,2.0,,6.0,190.9,9.0,2009,103.2
63.0,Greg Olsen,CHI,TE,24.0,16.0,15.0,0.0,0.0,0.0,0.0,0.0,0.0,0.0,,0.0,108.0,60.0,612.0,10.2,8.0,0.0,,8.0,169.2,10.0,2009,109.4
71.0,John Carlson,SEA,TE,25.0,16.0,16.0,0.0,0.0,0.0,0.0,0.0,0.0,0.0,,0.0,83.0,51.0,574.0,11.25,7.0,0.0,,7.0,150.4,11.0,2009,68.8
120.0,Todd Heap,BAL,TE,29.0,16.0,16.0,0.0,0.0,0.0,0.0,0.0,1.0,2.0,2.0,0.0,75.0,53.0,593.0,11.19,6.0,1.0,,6.0,148.5,14.0,2009,129.9
132.0,Kevin Boss,NYG,TE,25.0,15.0,15.0,0.0,0.0,0.0,0.0,0.0,1.0,16.0,16.0,0.0,69.0,42.0,567.0,13.5,5.0,0.0,,5.0,130.3,15.0,2009,116.1
134.0,Fred Davis,WAS,TE,23.0,16.0,10.0,0.0,0.0,0.0,0.0,0.0,0.0,0.0,,0.0,76.0,48.0,509.0,10.6,6.0,0.0,,6.0,134.9,16.0,2009,70.6
148.0,Owen Daniels,HOU,TE,27.0,8.0,8.0,0.0,0.0,0.0,0.0,0.0,0.0,0.0,,0.0,58.0,40.0,519.0,12.98,5.0,1.0,,5.0,121.9,17.0,2009,97.1
159.0,Jeremy Shockey,NOR,TE,29.0,13.0,12.0,0.0,0.0,0.0,0.0,0.0,0.0,0.0,,0.0,67.0,48.0,569.0,11.85,3.0,0.0,,3.0,122.9,18.0,2009,99.8
168.0,Ben Watson,NWE,TE,29.0,16.0,7.0,0.0,0.0,0.0,0.0,0.0,0.0,0.0,,0.0,41.0,29.0,404.0,13.93,5.0,0.0,,5.0,99.4,19.0,2009,162.2
175.0,Dustin Keller,NYJ,TE,25.0,16.0,12.0,0.0,0.0,0.0,0.0,0.0,1.0,7.0,7.0,0.0,82.0,45.0,522.0,11.6,2.0,1.0,1.0,2.0,109.9,20.0,2009,153.7
178.0,Marcedes Lewis,JAX,TE,25.0,15.0,15.0,0.0,0.0,0.0,0.0,0.0,0.0,0.0,,0.0,59.0,32.0,518.0,16.19,2.0,1.0,,2.0,95.8,21.0,2009,184.0
199.0,Tony Scheffler,DEN,TE,26.0,15.0,9.0,0.0,0.0,0.0,0.0,0.0,0.0,0.0,,0.0,50.0,31.0,416.0,13.42,2.0,0.0,,2.0,84.6,22.0,2009,86.8
213.0,Bo Scaife,TEN,TE,28.0,14.0,10.0,0.0,0.0,0.0,0.0,0.0,0.0,0.0,,0.0,70.0,45.0,440.0,9.78,1.0,1.0,1.0,1.0,93.0,23.0,2009,89.8
217.0,Brandon Pettigrew,DET,TE,24.0,11.0,11.0,0.0,0.0,0.0,0.0,0.0,0.0,0.0,,0.0,54.0,30.0,346.0,11.53,2.0,1.0,,2.0,76.6,25.0,2009,167.2
219.0,Chris Cooley,WAS,TE,27.0,7.0,7.0,0.0,0.0,0.0,0.0,0.0,0.0,0.0,,0.0,45.0,29.0,332.0,11.45,2.0,1.0,,2.0,74.2,26.0,2009,179.9
223.0,Anthony Fasano,MIA,TE,25.0,14.0,14.0,0.0,0.0,0.0,0.0,0.0,0.0,0.0,,0.0,53.0,31.0,339.0,10.94,2.0,2.0,1.0,2.0,74.9,27.0,2009,115.8
229.0,Daniel Fells,STL,TE,26.0,14.0,4.0,0.0,0.0,0.0,0.0,0.0,0.0,0.0,,0.0,35.0,21.0,273.0,13.0,3.0,1.0,1.0,3.0,64.3,28.0,2009,92.1
244.0,Joel Dreessen,HOU,TE,27.0,16.0,11.0,0.0,0.0,0.0,0.0,0.0,0.0,0.0,,0.0,39.0,26.0,320.0,12.31,1.0,0.0,,1.0,64.0,32.0,2009,109.8
250.0,JP Foschi,CIN,TE,27.0,15.0,10.0,0.0,0.0,0.0,0.0,0.0,0.0,0.0,,0.0,37.0,27.0,260.0,9.63,2.0,1.0,1.0,2.0,63.0,35.0,2009,
23.0,Jason Witten,DAL,TE,28.0,16.0,16.0,0.0,0.0,0.0,0.0,0.0,0.0,0.0,,0.0,128.0,94.0,1002.0,10.66,9.0,1.0,1.0,9.0,248.2,1.0,2010,203.2
33.0,Antonio Gates,SDG,TE,30.0,10.0,10.0,0.0,0.0,0.0,0.0,0.0,0.0,0.0,,0.0,65.0,50.0,782.0,15.64,10.0,0.0,,10.0,188.2,2.0,2010,183.8
38.0,Vernon Davis,SFO,TE,26.0,16.0,16.0,0.0,0.0,0.0,0.0,0.0,0.0,0.0,,0.0,93.0,56.0,914.0,16.32,7.0,0.0,,7.0,191.4,3.0,2010,179.7
42.0,Marcedes Lewis,JAX,TE,26.0,16.0,16.0,0.0,0.0,0.0,0.0,0.0,0.0,0.0,,0.0,89.0,58.0,700.0,12.07,10.0,2.0,2.0,10.0,184.0,4.0,2010,85.0
54.0,Rob Gronkowski,NWE,TE,21.0,16.0,11.0,0.0,0.0,0.0,0.0,0.0,0.0,0.0,,0.0,59.0,42.0,546.0,13.0,10.0,1.0,1.0,10.0,154.6,5.0,2010,330.9
60.0,Kellen Winslow,TAM,TE,27.0,16.0,11.0,0.0,0.0,0.0,0.0,0.0,0.0,0.0,,0.0,98.0,66.0,730.0,11.06,5.0,1.0,,5.0,169.0,6.0,2010,165.3
64.0,Tony Gonzalez,ATL,TE,34.0,16.0,16.0,0.0,0.0,0.0,0.0,0.0,0.0,0.0,,0.0,108.0,70.0,656.0,9.37,6.0,0.0,,6.0,171.6,8.0,2010,209.5
68.0,Dustin Keller,NYJ,TE,26.0,16.0,13.0,0.0,0.0,0.0,0.0,0.0,0.0,0.0,,0.0,100.0,55.0,687.0,12.49,5.0,0.0,,5.0,153.7,9.0,2010,174.5
73.0,Aaron Hernandez,NWE,TE,21.0,14.0,7.0,0.0,0.0,0.0,0.0,0.0,3.0,47.0,15.67,0.0,64.0,45.0,563.0,12.51,6.0,0.0,,6.0,142.0,11.0,2010,214.5
127.0,Brandon Pettigrew,DET,TE,25.0,16.0,16.0,0.0,0.0,0.0,0.0,0.0,0.0,0.0,,0.0,111.0,71.0,722.0,10.17,4.0,0.0,,4.0,167.2,12.0,2010,190.7
133.0,Ben Watson,CLE,TE,30.0,16.0,16.0,0.0,0.0,0.0,0.0,0.0,1.0,-1.0,-1.0,0.0,102.0,68.0,763.0,11.22,3.0,0.0,,3.0,162.2,13.0,2010,90.0
153.0,Kevin Boss,NYG,TE,26.0,15.0,13.0,0.0,0.0,0.0,0.0,0.0,0.0,0.0,,0.0,70.0,35.0,531.0,15.17,5.0,1.0,1.0,5.0,116.1,16.0,2010,82.8
161.0,Anthony Fasano,MIA,TE,26.0,15.0,15.0,0.0,0.0,0.0,0.0,0.0,0.0,0.0,,0.0,60.0,39.0,528.0,13.54,4.0,0.0,,4.0,115.8,17.0,2010,107.1
168.0,Brent Celek,PHI,TE,25.0,16.0,15.0,0.0,0.0,0.0,0.0,0.0,0.0,0.0,,0.0,79.0,42.0,511.0,12.17,4.0,0.0,,4.0,117.1,18.0,2010,173.1
170.0,Joel Dreessen,HOU,TE,28.0,16.0,10.0,0.0,0.0,0.0,0.0,0.0,0.0,0.0,,0.0,55.0,36.0,518.0,14.39,4.0,1.0,1.0,4.0,109.8,19.0,2010,99.3
173.0,Jermaine Gresham,CIN,TE,22.0,15.0,10.0,0.0,0.0,0.0,0.0,0.0,0.0,0.0,,0.0,83.0,52.0,471.0,9.06,4.0,2.0,1.0,4.0,123.1,21.0,2010,149.6
178.0,Greg Olsen,CHI,TE,25.0,16.0,13.0,0.0,0.0,0.0,0.0,0.0,0.0,0.0,,0.0,70.0,41.0,404.0,9.85,5.0,2.0,1.0,5.0,109.4,22.0,2010,129.0
181.0,Jimmy Graham,NOR,TE,24.0,15.0,5.0,0.0,0.0,0.0,0.0,0.0,1.0,3.0,3.0,0.0,44.0,31.0,356.0,11.48,5.0,1.0,,5.0,96.9,23.0,2010,294.0
184.0,Visanthe Shiancoe,MIN,TE,30.0,16.0,9.0,0.0,0.0,0.0,0.0,0.0,0.0,0.0,,0.0,79.0,47.0,530.0,11.28,2.0,0.0,,2.0,112.0,24.0,2010,94.9
193.0,Heath Miller,PIT,TE,28.0,14.0,14.0,0.0,0.0,0.0,0.0,0.0,0.0,0.0,,0.0,67.0,42.0,512.0,12.19,2.0,1.0,1.0,2.0,103.2,25.0,2010,124.7
194.0,Owen Daniels,HOU,TE,28.0,11.0,10.0,0.0,0.0,0.0,0.0,0.0,0.0,0.0,,0.0,68.0,38.0,471.0,12.39,2.0,0.0,,2.0,97.1,26.0,2010,139.7
196.0,Jeremy Shockey,NOR,TE,30.0,13.0,11.0,0.0,0.0,0.0,0.0,0.0,0.0,0.0,,0.0,59.0,41.0,408.0,9.95,3.0,0.0,,3.0,99.8,27.0,2010,104.5
209.0,Dallas Clark,IND,TE,31.0,6.0,6.0,0.0,0.0,0.0,0.0,0.0,0.0,0.0,,0.0,53.0,37.0,347.0,9.38,3.0,0.0,,3.0,89.7,30.0,2010,79.2
211.0,David Nelson,BUF,TE,24.0,15.0,3.0,0.0,0.0,0.0,0.0,0.0,0.0,0.0,,0.0,47.0,31.0,353.0,11.39,3.0,0.0,,3.0,84.3,29.0,2010,156.8
215.0,Daniel Fells,STL,TE,27.0,16.0,6.0,0.0,0.0,0.0,0.0,0.0,0.0,0.0,,0.0,65.0,41.0,391.0,9.54,2.0,0.0,,2.0,92.1,31.0,2010,60.6
217.0,Fred Davis,WAS,TE,24.0,16.0,9.0,0.0,0.0,0.0,0.0,0.0,0.0,0.0,,0.0,30.0,21.0,316.0,15.05,3.0,0.0,,3.0,70.6,32.0,2010,154.6
232.0,Jared Cook,TEN,TE,23.0,16.0,1.0,0.0,0.0,0.0,0.0,0.0,0.0,0.0,,0.0,45.0,29.0,361.0,12.45,1.0,0.0,,1.0,71.1,33.0,2010,138.9
233.0,Tony Scheffler,DET,TE,27.0,15.0,4.0,0.0,0.0,0.0,0.0,0.0,0.0,0.0,,0.0,72.0,45.0,378.0,8.4,1.0,1.0,1.0,1.0,86.8,34.0,2010,99.2
6.0,Rob Gronkowski,NWE,TE,22.0,16.0,16.0,0.0,0.0,0.0,0.0,0.0,1.0,2.0,2.0,1.0,124.0,90.0,1327.0,14.74,17.0,0.0,,18.0,330.9,1.0,2011,198.0
13.0,Jimmy Graham,NOR,TE,25.0,16.0,11.0,0.0,0.0,0.0,0.0,0.0,0.0,0.0,,0.0,149.0,99.0,1310.0,13.23,11.0,1.0,1.0,11.0,294.0,2.0,2011,237.2
32.0,Aaron Hernandez,NWE,TE,22.0,14.0,12.0,0.0,0.0,0.0,0.0,0.0,5.0,45.0,9.0,0.0,113.0,79.0,910.0,11.52,7.0,1.0,1.0,7.0,214.5,3.0,2011,129.8
39.0,Tony Gonzalez,ATL,TE,35.0,16.0,16.0,0.0,0.0,0.0,0.0,0.0,0.0,0.0,,0.0,116.0,80.0,875.0,10.94,7.0,0.0,,7.0,209.5,4.0,2011,234.0
45.0,Jermichael Finley,GNB,TE,24.0,16.0,13.0,0.0,0.0,0.0,0.0,0.0,0.0,0.0,,0.0,92.0,55.0,767.0,13.95,8.0,0.0,,8.0,179.7,5.0,2011,137.7
47.0,Jason Witten,DAL,TE,29.0,16.0,16.0,0.0,0.0,0.0,0.0,0.0,0.0,0.0,,0.0,117.0,79.0,942.0,11.92,5.0,1.0,,5.0,203.2,6.0,2011,231.9
50.0,Antonio Gates,SDG,TE,31.0,13.0,13.0,0.0,0.0,0.0,0.0,0.0,0.0,0.0,,0.0,88.0,64.0,778.0,12.16,7.0,0.0,,7.0,183.8,7.0,2011,144.8
56.0,Vernon Davis,SFO,TE,27.0,16.0,16.0,0.0,0.0,0.0,0.0,0.0,2.0,-5.0,-2.5,0.0,95.0,67.0,792.0,11.82,6.0,3.0,1.0,6.0,179.7,8.0,2011,125.8
57.0,Brent Celek,PHI,TE,26.0,16.0,16.0,0.0,0.0,0.0,0.0,0.0,0.0,0.0,,0.0,98.0,62.0,811.0,13.08,5.0,0.0,,5.0,173.1,9.0,2011,129.4
62.0,Dustin Keller,NYJ,TE,27.0,16.0,12.0,0.0,0.0,0.0,0.0,0.0,0.0,0.0,,0.0,115.0,65.0,815.0,12.54,5.0,1.0,1.0,5.0,174.5,10.0,2011,71.7
64.0,Brandon Pettigrew,DET,TE,26.0,16.0,16.0,0.0,0.0,0.0,0.0,0.0,0.0,0.0,,0.0,126.0,83.0,777.0,9.36,5.0,0.0,,5.0,190.7,11.0,2011,129.7
131.0,Jermaine Gresham,CIN,TE,23.0,14.0,13.0,0.0,0.0,0.0,0.0,0.0,0.0,0.0,,0.0,92.0,56.0,596.0,10.64,6.0,1.0,1.0,6.0,149.6,14.0,2011,165.7
136.0,Jared Cook,TEN,TE,24.0,16.0,5.0,0.0,0.0,0.0,0.0,0.0,0.0,0.0,,0.0,81.0,49.0,759.0,15.49,3.0,2.0,2.0,3.0,138.9,16.0,2011,118.3
143.0,Owen Daniels,HOU,TE,29.0,15.0,15.0,0.0,0.0,0.0,0.0,0.0,0.0,0.0,,0.0,85.0,54.0,677.0,12.54,3.0,0.0,,3.0,139.7,17.0,2011,169.6
148.0,Greg Olsen,CAR,TE,26.0,16.0,13.0,0.0,0.0,0.0,0.0,0.0,0.0,0.0,,0.0,89.0,45.0,540.0,12.0,5.0,1.0,1.0,5.0,129.0,19.0,2011,183.3
164.0,Anthony Fasano,MIA,TE,27.0,15.0,15.0,0.0,0.0,0.0,0.0,0.0,0.0,0.0,,0.0,54.0,32.0,451.0,14.09,5.0,0.0,,5.0,107.1,21.0,2011,106.2
165.0,Heath Miller,PIT,TE,29.0,16.0,16.0,0.0,0.0,0.0,0.0,0.0,1.0,6.0,6.0,0.0,74.0,51.0,631.0,12.37,2.0,1.0,1.0,2.0,124.7,22.0,2011,202.6
166.0,Scott Chandler,BUF,TE,26.0,14.0,9.0,0.0,0.0,0.0,0.0,0.0,0.0,0.0,,0.0,46.0,38.0,389.0,10.24,6.0,1.0,1.0,6.0,110.9,24.0,2011,134.1
168.0,Tony Scheffler,DET,TE,28.0,15.0,5.0,0.0,0.0,0.0,0.0,0.0,1.0,5.0,5.0,0.0,43.0,26.0,347.0,13.35,6.0,1.0,,6.0,99.2,23.0,2011,98.4
171.0,Joel Dreessen,HOU,TE,29.0,16.0,10.0,0.0,0.0,0.0,0.0,0.0,0.0,0.0,,0.0,39.0,28.0,353.0,12.61,6.0,0.0,,6.0,99.3,25.0,2011,106.6
196.0,Dennis Pitta,BAL,TE,26.0,16.0,2.0,0.0,0.0,0.0,0.0,0.0,0.0,0.0,,0.0,56.0,40.0,405.0,10.13,3.0,0.0,,3.0,98.5,28.0,2011,169.9
210.0,Ben Watson,CLE,TE,31.0,13.0,11.0,0.0,0.0,0.0,0.0,0.0,0.0,0.0,,0.0,70.0,37.0,410.0,11.08,2.0,0.0,,2.0,90.0,31.0,2011,117.1
231.0,Marcedes Lewis,JAX,TE,27.0,15.0,15.0,0.0,0.0,0.0,0.0,0.0,0.0,0.0,,0.0,85.0,39.0,460.0,11.79,0.0,0.0,,0.0,85.0,33.0,2011,130.0
234.0,Dallas Clark,IND,TE,32.0,11.0,10.0,0.0,0.0,0.0,0.0,0.0,0.0,0.0,,0.0,65.0,34.0,352.0,10.35,2.0,1.0,1.0,2.0,79.2,34.0,2011,114.5
241.0,Kyle Rudolph,MIN,TE,22.0,15.0,8.0,0.0,0.0,0.0,0.0,0.0,0.0,0.0,,0.0,39.0,26.0,249.0,9.58,3.0,0.0,,3.0,68.9,36.0,2011,158.3
30.0,Jimmy Graham,NOR,TE,26.0,15.0,9.0,0.0,0.0,0.0,0.0,0.0,0.0,0.0,,0.0,135.0,85.0,982.0,11.55,9.0,1.0,0.0,9.0,237.2,1.0,2012,303.5
37.0,Rob Gronkowski,NWE,TE,23.0,11.0,11.0,0.0,0.0,0.0,0.0,0.0,0.0,0.0,,0.0,79.0,55.0,790.0,14.36,11.0,1.0,1.0,11.0,198.0,2.0,2012,122.2
40.0,Tony Gonzalez,ATL,TE,36.0,16.0,16.0,0.0,0.0,0.0,0.0,0.0,0.0,0.0,,0.0,124.0,93.0,930.0,10.0,8.0,0.0,0.0,8.0,234.0,3.0,2012,218.9
47.0,Heath Miller,PIT,TE,30.0,15.0,15.0,0.0,0.0,0.0,0.0,0.0,0.0,0.0,,0.0,101.0,71.0,816.0,11.49,8.0,0.0,0.0,8.0,202.6,4.0,2012,121.3
53.0,Jason Witten,DAL,TE,30.0,16.0,16.0,0.0,0.0,0.0,0.0,0.0,0.0,0.0,,0.0,147.0,110.0,1039.0,9.45,3.0,0.0,0.0,3.0,231.9,5.0,2012,206.1
61.0,Greg Olsen,CAR,TE,27.0,16.0,16.0,0.0,0.0,0.0,0.0,0.0,0.0,0.0,,0.0,104.0,69.0,843.0,12.22,5.0,0.0,0.0,5.0,183.3,6.0,2012,190.6
67.0,Owen Daniels,HOU,TE,30.0,15.0,14.0,0.0,0.0,0.0,0.0,0.0,0.0,0.0,,0.0,104.0,62.0,716.0,11.55,6.0,0.0,0.0,6.0,169.6,8.0,2012,67.2
69.0,Kyle Rudolph,MIN,TE,23.0,16.0,16.0,0.0,0.0,0.0,0.0,0.0,0.0,0.0,,0.0,93.0,53.0,493.0,9.3,9.0,0.0,0.0,9.0,158.3,9.0,2012,79.3
70.0,Brandon Myers,OAK,TE,27.0,16.0,16.0,0.0,0.0,0.0,0.0,0.0,0.0,0.0,,0.0,105.0,79.0,806.0,10.2,4.0,0.0,0.0,4.0,183.6,10.0,2012,123.2
72.0,Jermaine Gresham,CIN,TE,24.0,16.0,15.0,0.0,0.0,0.0,0.0,0.0,0.0,0.0,,0.0,94.0,64.0,737.0,11.52,5.0,2.0,1.0,5.0,165.7,11.0,2012,109.8
123.0,Antonio Gates,SDG,TE,32.0,15.0,15.0,0.0,0.0,0.0,0.0,0.0,0.0,0.0,,0.0,80.0,49.0,538.0,10.98,7.0,0.0,0.0,7.0,144.8,12.0,2012,184.2
128.0,Martellus Bennett,NYG,TE,25.0,16.0,16.0,0.0,0.0,0.0,0.0,0.0,0.0,0.0,,0.0,89.0,55.0,626.0,11.38,5.0,0.0,0.0,5.0,147.6,13.0,2012,168.9
132.0,Scott Chandler,BUF,TE,27.0,15.0,13.0,0.0,0.0,0.0,0.0,0.0,0.0,0.0,,0.0,74.0,43.0,571.0,13.28,6.0,2.0,1.0,6.0,134.1,14.0,2012,128.5
140.0,Vernon Davis,SFO,TE,28.0,16.0,16.0,0.0,0.0,0.0,0.0,0.0,0.0,0.0,,0.0,61.0,41.0,548.0,13.37,5.0,0.0,0.0,5.0,125.8,15.0,2012,213.0
156.0,Lance Kendricks,STL,TE,24.0,16.0,14.0,0.0,0.0,0.0,0.0,0.0,0.0,0.0,,0.0,64.0,42.0,519.0,12.36,4.0,1.0,0.0,4.0,119.9,18.0,2012,81.8
157.0,Marcedes Lewis,JAX,TE,28.0,16.0,15.0,0.0,0.0,0.0,0.0,0.0,0.0,0.0,,0.0,77.0,52.0,540.0,10.38,4.0,0.0,0.0,4.0,130.0,17.0,2012,82.9
159.0,Jermichael Finley,GNB,TE,25.0,16.0,14.0,0.0,0.0,0.0,0.0,0.0,0.0,0.0,,0.0,87.0,61.0,667.0,10.93,2.0,1.0,1.0,2.0,137.7,19.0,2012,73.0
162.0,Jared Cook,TEN,TE,25.0,13.0,5.0,0.0,0.0,0.0,0.0,0.0,0.0,0.0,,0.0,73.0,44.0,523.0,11.89,4.0,1.0,1.0,4.0,118.3,20.0,2012,146.1
165.0,Brent Celek,PHI,TE,27.0,15.0,14.0,0.0,0.0,0.0,0.0,0.0,0.0,0.0,,0.0,88.0,57.0,684.0,12.0,1.0,1.0,1.0,1.0,129.4,21.0,2012,116.2
168.0,Brandon Pettigrew,DET,TE,27.0,14.0,11.0,0.0,0.0,0.0,0.0,0.0,0.0,0.0,,0.0,102.0,59.0,567.0,9.61,3.0,4.0,2.0,3.0,129.7,22.0,2012,92.6
173.0,Dallas Clark,TAM,TE,33.0,16.0,7.0,0.0,0.0,0.0,0.0,0.0,0.0,0.0,,0.0,75.0,47.0,435.0,9.26,4.0,0.0,0.0,4.0,114.5,25.0,2012,83.3
199.0,Zach Miller,SEA,TE,27.0,16.0,15.0,0.0,0.0,0.0,0.0,0.0,0.0,0.0,,0.0,53.0,38.0,396.0,10.42,3.0,1.0,1.0,3.0,93.6,30.0,2012,101.7
206.0,Jeff Cumberland,NYJ,TE,25.0,15.0,12.0,0.0,0.0,0.0,0.0,0.0,0.0,0.0,,0.0,53.0,29.0,359.0,12.38,3.0,0.0,0.0,3.0,82.9,31.0,2012,89.8
217.0,Delanie Walker,SFO,TE,28.0,16.0,4.0,0.0,0.0,0.0,0.0,0.0,0.0,0.0,,0.0,39.0,21.0,344.0,16.38,3.0,1.0,1.0,3.0,71.4,33.0,2012,153.1
238.0,Rob Housler,ARI,TE,24.0,15.0,9.0,0.0,0.0,0.0,0.0,0.0,0.0,0.0,,0.0,68.0,45.0,417.0,9.27,0.0,0.0,0.0,0.0,86.7,36.0,2012,90.4
241.0,Coby Fleener,IND,TE,24.0,12.0,10.0,0.0,0.0,0.0,0.0,0.0,0.0,0.0,,0.0,48.0,26.0,281.0,10.81,2.0,0.0,0.0,2.0,66.1,37.0,2012,140.8
5.0,Jimmy Graham,NOR,TE,27.0,16.0,12.0,0.0,0.0,0.0,0.0,0.0,0.0,0.0,,0.0,142.0,86.0,1215.0,14.13,16.0,0.0,0.0,16.0,303.5,1.0,2013,229.9
28.0,Julius Thomas,DEN,TE,25.0,14.0,14.0,0.0,0.0,0.0,0.0,0.0,0.0,0.0,,0.0,90.0,65.0,788.0,12.12,12.0,0.0,0.0,12.0,215.8,3.0,2013,163.9
38.0,Jordan Cameron,CLE,TE,25.0,15.0,14.0,0.0,0.0,0.0,0.0,0.0,0.0,0.0,,0.0,118.0,80.0,917.0,11.46,7.0,1.0,0.0,7.0,213.7,5.0,2013,78.4
39.0,Jason Witten,DAL,TE,31.0,16.0,16.0,0.0,0.0,0.0,0.0,0.0,0.0,0.0,,0.0,111.0,73.0,851.0,11.66,8.0,0.0,0.0,8.0,206.1,6.0,2013,164.3
49.0,Charles Clay,MIA,TE,24.0,16.0,15.0,0.0,0.0,0.0,0.0,0.0,7.0,15.0,2.14,1.0,102.0,69.0,759.0,11.0,6.0,0.0,0.0,7.0,188.4,7.0,2013,136.5
50.0,Greg Olsen,CAR,TE,28.0,16.0,16.0,0.0,0.0,0.0,0.0,0.0,0.0,0.0,,0.0,111.0,73.0,816.0,11.18,6.0,0.0,0.0,6.0,190.6,8.0,2013,220.8
60.0,Antonio Gates,SDG,TE,33.0,16.0,15.0,0.0,0.0,0.0,0.0,0.0,0.0,0.0,,0.0,114.0,77.0,872.0,11.32,4.0,2.0,2.0,4.0,184.2,9.0,2013,223.1
64.0,Martellus Bennett,CHI,TE,26.0,16.0,15.0,0.0,0.0,0.0,0.0,0.0,0.0,0.0,,0.0,94.0,65.0,759.0,11.68,5.0,1.0,1.0,5.0,168.9,10.0,2013,221.6
72.0,Jared Cook,STL,TE,26.0,16.0,13.0,0.0,0.0,0.0,0.0,0.0,0.0,0.0,,0.0,85.0,51.0,671.0,13.16,5.0,1.0,1.0,5.0,146.1,11.0,2013,133.4
75.0,Delanie Walker,TEN,TE,29.0,15.0,11.0,0.0,0.0,0.0,0.0,0.0,0.0,0.0,,0.0,86.0,60.0,571.0,9.52,6.0,1.0,0.0,6.0,153.1,12.0,2013,176.0
145.0,Coby Fleener,IND,TE,25.0,16.0,12.0,0.0,0.0,0.0,0.0,0.0,0.0,0.0,,0.0,87.0,52.0,608.0,11.69,4.0,1.0,0.0,4.0,140.8,13.0,2013,176.4
152.0,Tim Wright,TAM,TE,23.0,16.0,8.0,0.0,0.0,0.0,0.0,0.0,1.0,2.0,2.0,0.0,76.0,54.0,571.0,10.57,5.0,0.0,0.0,5.0,141.3,14.0,2013,87.7
156.0,Rob Gronkowski,NWE,TE,24.0,7.0,6.0,0.0,0.0,0.0,0.0,0.0,0.0,0.0,,0.0,66.0,39.0,592.0,15.18,4.0,0.0,0.0,4.0,122.2,16.0,2013,266.4
166.0,Scott Chandler,BUF,TE,28.0,16.0,7.0,0.0,0.0,0.0,0.0,0.0,0.0,0.0,,0.0,81.0,53.0,655.0,12.36,2.0,1.0,1.0,2.0,128.5,18.0,2013,114.7
174.0,Zach Ertz,PHI,TE,23.0,16.0,3.0,0.0,0.0,0.0,0.0,0.0,0.0,0.0,,0.0,57.0,36.0,469.0,13.03,4.0,0.0,0.0,4.0,106.9,19.0,2013,144.2
178.0,Jordan Reed,WAS,TE,23.0,9.0,4.0,0.0,0.0,0.0,0.0,0.0,1.0,18.0,18.0,0.0,59.0,45.0,499.0,11.09,3.0,0.0,0.0,3.0,114.7,20.0,2013,94.5
185.0,Mychal Rivera,OAK,TE,23.0,16.0,3.0,0.0,0.0,0.0,0.0,0.0,0.0,0.0,,0.0,60.0,38.0,407.0,10.71,4.0,0.0,0.0,4.0,102.7,23.0,2013,133.4
187.0,Jeff Cumberland,NYJ,TE,26.0,15.0,12.0,0.0,0.0,0.0,0.0,0.0,0.0,0.0,,0.0,40.0,26.0,398.0,15.31,4.0,0.0,0.0,4.0,89.8,24.0,2013,65.7
188.0,Jermaine Gresham,CIN,TE,25.0,14.0,14.0,0.0,0.0,0.0,0.0,0.0,0.0,0.0,,0.0,68.0,46.0,458.0,9.96,4.0,3.0,3.0,4.0,109.8,25.0,2013,138.0
191.0,Heath Miller,PIT,TE,31.0,14.0,14.0,0.0,0.0,0.0,0.0,0.0,0.0,0.0,,0.0,79.0,58.0,593.0,10.22,1.0,1.0,1.0,1.0,121.3,26.0,2013,160.1
231.0,Lance Kendricks,STL,TE,25.0,15.0,13.0,0.0,0.0,0.0,0.0,0.0,0.0,0.0,,0.0,46.0,32.0,258.0,8.06,4.0,0.0,0.0,4.0,81.8,34.0,2013,82.9
247.0,Owen Daniels,HOU,TE,31.0,5.0,5.0,0.0,0.0,0.0,0.0,0.0,0.0,0.0,,0.0,41.0,24.0,252.0,10.5,3.0,0.0,0.0,3.0,67.2,37.0,2013,124.7
248.0,Andrew Quarless,GNB,TE,25.0,16.0,10.0,0.0,0.0,0.0,0.0,0.0,0.0,0.0,,0.0,53.0,32.0,312.0,9.75,2.0,0.0,0.0,2.0,75.2,38.0,2013,79.3
11.0,Rob Gronkowski,NWE,TE,25.0,15.0,10.0,0.0,0.0,0.0,0.0,0.0,0.0,0.0,,0.0,131.0,82.0,1124.0,13.71,12.0,0.0,0.0,12.0,266.4,1.0,2014,255.6
23.0,Antonio Gates,SDG,TE,34.0,16.0,14.0,0.0,0.0,0.0,0.0,0.0,0.0,0.0,,0.0,98.0,69.0,821.0,11.9,12.0,1.0,0.0,12.0,223.1,2.0,2014,149.0
29.0,Jimmy Graham,NOR,TE,28.0,16.0,13.0,0.0,0.0,0.0,0.0,0.0,0.0,0.0,,0.0,125.0,85.0,889.0,10.46,10.0,2.0,2.0,10.0,229.9,3.0,2014,120.5
33.0,Greg Olsen,CAR,TE,29.0,16.0,16.0,0.0,0.0,0.0,0.0,0.0,0.0,0.0,,0.0,123.0,84.0,1008.0,12.0,6.0,1.0,0.0,6.0,220.8,4.0,2014,227.4
36.0,Martellus Bennett,CHI,TE,27.0,16.0,15.0,0.0,0.0,0.0,0.0,0.0,0.0,0.0,,0.0,128.0,90.0,916.0,10.18,6.0,0.0,0.0,6.0,221.6,5.0,2014,114.9
40.0,Coby Fleener,IND,TE,26.0,16.0,12.0,0.0,0.0,0.0,0.0,0.0,0.0,0.0,,0.0,92.0,51.0,774.0,15.18,8.0,0.0,0.0,8.0,176.4,6.0,2014,123.1
45.0,Julius Thomas,DEN,TE,26.0,13.0,10.0,0.0,0.0,0.0,0.0,0.0,0.0,0.0,,0.0,62.0,43.0,489.0,11.37,12.0,1.0,0.0,12.0,163.9,7.0,2014,121.5
48.0,Travis Kelce,KAN,TE,25.0,16.0,11.0,0.0,0.0,0.0,0.0,0.0,0.0,0.0,,0.0,87.0,67.0,862.0,12.87,5.0,4.0,3.0,6.0,183.2,8.0,2014,189.5
51.0,Delanie Walker,TEN,TE,30.0,15.0,14.0,0.0,0.0,0.0,0.0,0.0,0.0,0.0,,0.0,106.0,63.0,890.0,14.13,4.0,2.0,0.0,4.0,176.0,9.0,2014,244.4
66.0,Jason Witten,DAL,TE,32.0,16.0,16.0,0.0,0.0,0.0,0.0,0.0,0.0,0.0,,0.0,90.0,64.0,703.0,10.98,5.0,0.0,0.0,5.0,164.3,10.0,2014,164.3
70.0,Heath Miller,PIT,TE,32.0,16.0,16.0,0.0,0.0,0.0,0.0,0.0,0.0,0.0,,0.0,91.0,66.0,761.0,11.53,3.0,1.0,1.0,3.0,160.1,11.0,2014,127.7
146.0,Zach Ertz,PHI,TE,24.0,16.0,5.0,0.0,0.0,0.0,0.0,0.0,0.0,0.0,,0.0,89.0,58.0,702.0,12.1,3.0,1.0,1.0,3.0,144.2,14.0,2014,170.3
150.0,Jared Cook,STL,TE,27.0,16.0,6.0,0.0,0.0,0.0,0.0,0.0,1.0,0.0,0.0,0.0,99.0,52.0,634.0,12.19,3.0,0.0,0.0,3.0,133.4,15.0,2014,87.1
153.0,Charles Clay,MIA,TE,25.0,14.0,14.0,0.0,0.0,0.0,0.0,0.0,0.0,0.0,,0.0,84.0,58.0,605.0,10.43,3.0,0.0,0.0,3.0,136.5,16.0,2014,121.8
160.0,Owen Daniels,BAL,TE,32.0,15.0,13.0,0.0,0.0,0.0,0.0,0.0,0.0,0.0,,0.0,79.0,48.0,527.0,10.98,4.0,0.0,0.0,4.0,124.7,17.0,2014,115.7
174.0,Scott Chandler,BUF,TE,29.0,16.0,5.0,0.0,0.0,0.0,0.0,0.0,0.0,0.0,,0.0,70.0,47.0,497.0,10.57,3.0,0.0,0.0,3.0,114.7,20.0,2014,72.9
217.0,Jordan Cameron,CLE,TE,26.0,10.0,9.0,0.0,0.0,0.0,0.0,0.0,0.0,0.0,,0.0,48.0,24.0,424.0,17.67,2.0,0.0,0.0,2.0,78.4,24.0,2014,91.6
237.0,Anthony Fasano,KAN,TE,30.0,15.0,13.0,0.0,0.0,0.0,0.0,0.0,0.0,0.0,,0.0,36.0,25.0,226.0,9.04,4.0,0.0,0.0,4.0,71.6,28.0,2014,66.9
240.0,Jordan Reed,WAS,TE,24.0,11.0,2.0,0.0,0.0,0.0,0.0,0.0,0.0,0.0,,0.0,65.0,50.0,465.0,9.3,0.0,1.0,1.0,0.0,94.5,30.0,2014,244.2
9.0,Rob Gronkowski,NWE,TE,26.0,15.0,15.0,0.0,0.0,0.0,0.0,0.0,0.0,0.0,,0.0,120.0,72.0,1176.0,16.33,11.0,0.0,0.0,11.0,255.6,1.0,2015,97.0
13.0,Gary Barnidge,CLE,TE,30.0,16.0,13.0,0.0,0.0,0.0,0.0,0.0,0.0,0.0,,0.0,125.0,79.0,1043.0,13.2,9.0,0.0,0.0,9.0,237.3,2.0,2015,130.2
15.0,Jordan Reed,WAS,TE,25.0,14.0,8.0,0.0,0.0,0.0,0.0,0.0,0.0,0.0,,0.0,114.0,87.0,952.0,10.94,11.0,3.0,2.0,11.0,244.2,3.0,2015,168.6
18.0,Greg Olsen,CAR,TE,30.0,16.0,16.0,0.0,0.0,0.0,0.0,0.0,0.0,0.0,,0.0,124.0,77.0,1104.0,14.34,7.0,1.0,1.0,7.0,227.4,4.0,2015,207.3
19.0,Delanie Walker,TEN,TE,31.0,15.0,10.0,0.0,0.0,0.0,0.0,0.0,1.0,36.0,36.0,0.0,133.0,94.0,1088.0,11.57,6.0,0.0,0.0,6.0,244.4,5.0,2015,188.1
26.0,Tyler Eifert,CIN,TE,25.0,13.0,12.0,0.0,0.0,0.0,0.0,0.0,0.0,0.0,,0.0,74.0,52.0,615.0,11.83,13.0,0.0,0.0,13.0,191.5,6.0,2015,98.4
42.0,Travis Kelce,KAN,TE,26.0,16.0,16.0,0.0,0.0,0.0,0.0,0.0,0.0,0.0,,0.0,103.0,72.0,875.0,12.15,5.0,2.0,2.0,5.0,189.5,7.0,2015,223.0
60.0,Richard Rodgers,GNB,TE,23.0,16.0,12.0,0.0,0.0,0.0,0.0,0.0,1.0,11.0,11.0,0.0,85.0,58.0,510.0,8.79,8.0,0.0,0.0,8.0,160.1,9.0,2015,69.1
69.0,Zach Ertz,PHI,TE,25.0,15.0,7.0,0.0,0.0,0.0,0.0,0.0,0.0,0.0,,0.0,112.0,75.0,853.0,11.37,2.0,1.0,1.0,2.0,170.3,10.0,2015,183.6
72.0,Antonio Gates,SDG,TE,35.0,11.0,4.0,0.0,0.0,0.0,0.0,0.0,0.0,0.0,,0.0,85.0,56.0,630.0,11.25,5.0,0.0,0.0,5.0,149.0,11.0,2015,147.8
77.0,Rishard Matthews,MIA,TE,26.0,11.0,11.0,0.0,0.0,0.0,0.0,0.0,1.0,4.0,4.0,0.0,61.0,43.0,662.0,15.4,4.0,0.0,0.0,4.0,133.6,12.0,2015,211.5
145.0,Jason Witten,DAL,TE,33.0,16.0,16.0,0.0,0.0,0.0,0.0,0.0,0.0,0.0,,0.0,104.0,77.0,713.0,9.26,3.0,1.0,1.0,3.0,164.3,13.0,2015,152.3
149.0,Eric Ebron,DET,TE,22.0,14.0,8.0,0.0,0.0,0.0,0.0,0.0,0.0,0.0,,0.0,70.0,47.0,537.0,11.43,5.0,0.0,0.0,5.0,130.7,14.0,2015,144.2
157.0,Kyle Rudolph,MIN,TE,26.0,16.0,16.0,0.0,0.0,0.0,0.0,0.0,0.0,0.0,,0.0,73.0,49.0,495.0,10.1,5.0,0.0,0.0,5.0,128.5,15.0,2015,209.0
161.0,Julius Thomas,JAX,TE,27.0,12.0,10.0,0.0,0.0,0.0,0.0,0.0,0.0,0.0,,0.0,80.0,46.0,455.0,9.89,5.0,0.0,0.0,5.0,121.5,16.0,2015,82.1
169.0,Zach Miller,CHI,TE,31.0,15.0,14.0,0.0,0.0,0.0,0.0,0.0,0.0,0.0,,0.0,46.0,34.0,439.0,12.91,5.0,0.0,0.0,5.0,107.9,17.0,2015,119.6
171.0,Jimmy Graham,SEA,TE,29.0,11.0,11.0,0.0,0.0,0.0,0.0,0.0,0.0,0.0,,0.0,74.0,48.0,605.0,12.6,2.0,0.0,0.0,2.0,120.5,18.0,2015,189.3
174.0,Charles Clay,BUF,TE,26.0,13.0,13.0,0.0,0.0,0.0,0.0,0.0,0.0,0.0,,0.0,77.0,51.0,528.0,10.35,3.0,1.0,0.0,3.0,121.8,20.0,2015,136.2
180.0,Coby Fleener,IND,TE,27.0,16.0,11.0,0.0,0.0,0.0,0.0,0.0,0.0,0.0,,0.0,84.0,54.0,491.0,9.09,3.0,0.0,0.0,3.0,123.1,22.0,2015,137.3
193.0,Martellus Bennett,CHI,TE,28.0,11.0,11.0,0.0,0.0,0.0,0.0,0.0,0.0,0.0,,0.0,80.0,53.0,439.0,8.28,3.0,2.0,0.0,3.0,114.9,26.0,2015,168.1
196.0,Will Tye,NYG,TE,24.0,13.0,7.0,0.0,0.0,0.0,0.0,0.0,0.0,0.0,,0.0,62.0,42.0,464.0,11.05,3.0,1.0,1.0,3.0,104.4,25.0,2015,93.5
224.0,Vance McDonald,SFO,TE,25.0,14.0,11.0,0.0,0.0,0.0,0.0,0.0,0.0,0.0,,0.0,46.0,30.0,326.0,10.87,3.0,2.0,0.0,3.0,80.6,31.0,2015,87.1
225.0,Clive Walford,OAK,TE,24.0,16.0,2.0,0.0,0.0,0.0,0.0,0.0,0.0,0.0,,0.0,50.0,28.0,329.0,11.75,3.0,0.0,0.0,3.0,78.9,30.0,2015,86.9
230.0,Jared Cook,STL,TE,28.0,16.0,12.0,0.0,0.0,0.0,0.0,0.0,0.0,0.0,,0.0,75.0,39.0,481.0,12.33,0.0,2.0,1.0,0.0,87.1,34.0,2015,71.7
231.0,Cameron Brate,TAM,TE,24.0,14.0,4.0,0.0,0.0,0.0,0.0,0.0,0.0,0.0,,0.0,30.0,23.0,288.0,12.52,3.0,0.0,0.0,3.0,69.8,35.0,2015,171.0
248.0,Vernon Davis,2TM,TE,31.0,15.0,9.0,0.0,0.0,0.0,0.0,0.0,0.0,0.0,,0.0,58.0,38.0,395.0,10.39,0.0,0.0,0.0,0.0,77.5,37.0,2015,114.3
20.0,Travis Kelce,KAN,TE,27.0,16.0,15.0,0.0,0.0,0.0,0.0,0.0,1.0,-5.0,-5.0,0.0,117.0,85.0,1125.0,13.24,4.0,0.0,0.0,4.0,223.0,1.0,2016,233.5
28.0,Kyle Rudolph,MIN,TE,27.0,16.0,16.0,0.0,0.0,0.0,0.0,0.0,0.0,0.0,,0.0,132.0,83.0,840.0,10.12,7.0,0.0,0.0,7.0,209.0,3.0,2016,158.2
31.0,Jimmy Graham,SEA,TE,30.0,16.0,15.0,0.0,0.0,0.0,0.0,0.0,1.0,0.0,0.0,0.0,95.0,65.0,923.0,14.2,6.0,2.0,2.0,6.0,189.3,4.0,2016,171.0
32.0,Delanie Walker,TEN,TE,32.0,15.0,9.0,0.0,0.0,0.0,0.0,0.0,2.0,11.0,5.5,0.0,102.0,65.0,800.0,12.31,7.0,1.0,0.0,7.0,188.1,5.0,2016,174.5
37.0,Cameron Brate,TAM,TE,25.0,15.0,10.0,0.0,0.0,0.0,0.0,0.0,0.0,0.0,,0.0,81.0,57.0,660.0,11.58,8.0,1.0,0.0,8.0,171.0,6.0,2016,143.1
49.0,Zach Ertz,PHI,TE,26.0,14.0,12.0,0.0,0.0,0.0,0.0,0.0,0.0,0.0,,0.0,106.0,78.0,816.0,10.46,4.0,0.0,0.0,4.0,183.6,8.0,2016,202.4
61.0,Antonio Gates,SDG,TE,36.0,14.0,9.0,0.0,0.0,0.0,0.0,0.0,0.0,0.0,,0.0,93.0,53.0,548.0,10.34,7.0,1.0,1.0,7.0,147.8,10.0,2016,79.6
64.0,Hunter Henry,SDG,TE,22.0,15.0,10.0,0.0,0.0,0.0,0.0,0.0,0.0,0.0,,0.0,53.0,36.0,478.0,13.28,8.0,1.0,1.0,8.0,129.8,11.0,2016,126.9
76.0,Coby Fleener,NOR,TE,28.0,16.0,8.0,0.0,0.0,0.0,0.0,0.0,1.0,2.0,2.0,1.0,81.0,50.0,631.0,12.62,3.0,2.0,0.0,4.0,137.3,12.0,2016,63.5
142.0,Jack Doyle,IND,TE,26.0,16.0,14.0,0.0,0.0,0.0,0.0,0.0,0.0,0.0,,0.0,75.0,59.0,584.0,9.9,5.0,1.0,1.0,5.0,145.4,13.0,2016,169.0
145.0,Eric Ebron,DET,TE,23.0,13.0,13.0,0.0,0.0,0.0,0.0,0.0,1.0,1.0,1.0,1.0,85.0,61.0,711.0,11.66,1.0,0.0,0.0,2.0,144.2,15.0,2016,132.4
149.0,Jason Witten,DAL,TE,34.0,16.0,16.0,0.0,0.0,0.0,0.0,0.0,0.0,0.0,,0.0,95.0,69.0,673.0,9.75,3.0,1.0,1.0,3.0,152.3,14.0,2016,147.0
158.0,Charles Clay,BUF,TE,27.0,15.0,15.0,0.0,0.0,0.0,0.0,0.0,0.0,0.0,,0.0,87.0,57.0,552.0,9.68,4.0,0.0,0.0,4.0,136.2,18.0,2016,116.8
174.0,Rob Gronkowski,NWE,TE,27.0,8.0,6.0,0.0,0.0,0.0,0.0,0.0,0.0,0.0,,0.0,38.0,25.0,540.0,21.6,3.0,0.0,0.0,3.0,97.0,22.0,2016,227.4
178.0,Vernon Davis,WAS,TE,32.0,16.0,14.0,0.0,0.0,0.0,0.0,0.0,0.0,0.0,,0.0,59.0,44.0,583.0,13.25,2.0,0.0,0.0,2.0,114.3,23.0,2016,121.8
216.0,Jesse James,PIT,TE,22.0,16.0,13.0,0.0,0.0,0.0,0.0,0.0,0.0,0.0,,0.0,60.0,39.0,338.0,8.67,3.0,0.0,0.0,3.0,90.8,30.0,2016,98.2
218.0,Julius Thomas,JAX,TE,28.0,9.0,6.0,0.0,0.0,0.0,0.0,0.0,0.0,0.0,,0.0,51.0,30.0,281.0,9.37,4.0,0.0,0.0,4.0,82.1,29.0,2016,97.8
219.0,Garrett Celek,SFO,TE,28.0,16.0,6.0,0.0,0.0,0.0,0.0,0.0,0.0,0.0,,0.0,50.0,29.0,350.0,12.07,3.0,2.0,1.0,3.0,80.0,32.0,2016,78.6
221.0,Jermaine Gresham,ARI,TE,28.0,16.0,14.0,0.0,0.0,0.0,0.0,0.0,0.0,0.0,,0.0,61.0,37.0,391.0,10.57,2.0,1.0,0.0,2.0,88.1,31.0,2016,77.2
233.0,Austin Hooper,ATL,TE,22.0,14.0,3.0,0.0,0.0,0.0,0.0,0.0,0.0,0.0,,0.0,27.0,19.0,271.0,14.26,3.0,0.0,0.0,3.0,64.1,35.0,2016,119.6
240.0,Jared Cook,GNB,TE,29.0,10.0,5.0,0.0,0.0,0.0,0.0,0.0,0.0,0.0,,0.0,51.0,30.0,377.0,12.57,1.0,1.0,1.0,1.0,71.7,36.0,2016,132.8
248.0,Trey Burton,PHI,TE,25.0,15.0,4.0,0.0,0.0,0.0,0.0,0.0,0.0,0.0,,0.0,60.0,37.0,327.0,8.84,1.0,0.0,0.0,1.0,75.7,39.0,2016,79.8
11.0,Rob Gronkowski,NWE,TE,28.0,14.0,14.0,0.0,0.0,0.0,0.0,0.0,0.0,0.0,,0.0,105.0,69.0,1084.0,15.71,8.0,1.0,0.0,8.0,227.4,1.0,2017,131.2
13.0,Travis Kelce,KAN,TE,28.0,15.0,15.0,0.0,1.0,0.0,0.0,1.0,2.0,7.0,3.5,0.0,122.0,83.0,1038.0,12.51,8.0,0.0,0.0,8.0,233.5,2.0,2017,294.6
21.0,Zach Ertz,PHI,TE,27.0,14.0,13.0,0.0,0.0,0.0,0.0,0.0,0.0,0.0,,0.0,110.0,74.0,824.0,11.14,8.0,1.0,1.0,8.0,202.4,3.0,2017,280.3
35.0,Jimmy Graham,SEA,TE,31.0,16.0,13.0,0.0,0.0,0.0,0.0,0.0,0.0,0.0,,0.0,96.0,57.0,520.0,9.12,10.0,0.0,0.0,10.0,171.0,4.0,2017,130.6
39.0,Evan Engram,NYG,TE,23.0,15.0,11.0,0.0,0.0,0.0,0.0,0.0,1.0,14.0,14.0,0.0,115.0,64.0,722.0,11.28,6.0,0.0,0.0,6.0,173.6,5.0,2017,126.3
51.0,Kyle Rudolph,MIN,TE,28.0,16.0,16.0,0.0,0.0,0.0,0.0,0.0,0.0,0.0,,0.0,81.0,57.0,532.0,9.33,8.0,0.0,0.0,8.0,158.2,6.0,2017,151.4
60.0,Cameron Brate,TAM,TE,26.0,16.0,5.0,0.0,0.0,0.0,0.0,0.0,0.0,0.0,,0.0,77.0,48.0,591.0,12.31,6.0,1.0,0.0,6.0,143.1,8.0,2017,92.9
148.0,Jared Cook,OAK,TE,30.0,16.0,16.0,0.0,0.0,0.0,0.0,0.0,0.0,0.0,,0.0,86.0,54.0,688.0,12.74,2.0,1.0,1.0,2.0,132.8,14.0,2017,193.6
149.0,Vernon Davis,WAS,TE,33.0,16.0,16.0,0.0,0.0,0.0,0.0,0.0,0.0,0.0,,0.0,69.0,43.0,648.0,15.07,3.0,2.0,2.0,3.0,121.8,15.0,2017,75.7
150.0,Eric Ebron,DET,TE,24.0,16.0,9.0,0.0,0.0,0.0,0.0,0.0,0.0,0.0,,0.0,86.0,53.0,574.0,10.83,4.0,1.0,1.0,4.0,132.4,13.0,2017,222.2
155.0,Ben Watson,BAL,TE,37.0,16.0,12.0,0.0,0.0,0.0,0.0,0.0,0.0,0.0,,0.0,79.0,61.0,522.0,8.56,4.0,1.0,0.0,4.0,137.2,16.0,2017,87.0
156.0,OJ Howard,TAM,TE,23.0,14.0,14.0,0.0,0.0,0.0,0.0,0.0,0.0,0.0,,0.0,39.0,26.0,432.0,16.62,6.0,3.0,2.0,6.0,101.2,17.0,2017,120.5
164.0,Austin Hooper,ATL,TE,23.0,16.0,8.0,0.0,0.0,0.0,0.0,0.0,0.0,0.0,,0.0,65.0,49.0,526.0,10.73,3.0,0.0,0.0,3.0,119.6,18.0,2017,163.0
182.0,George Kittle,SFO,TE,24.0,15.0,7.0,0.0,0.0,0.0,0.0,0.0,0.0,0.0,,0.0,63.0,43.0,515.0,11.98,2.0,0.0,0.0,2.0,106.5,21.0,2017,258.7
185.0,David Njoku,CLE,TE,21.0,16.0,5.0,0.0,0.0,0.0,0.0,0.0,1.0,1.0,1.0,0.0,60.0,32.0,386.0,12.06,4.0,0.0,0.0,4.0,94.7,22.0,2017,143.9
198.0,Trey Burton,PHI,TE,26.0,15.0,1.0,0.0,0.0,0.0,0.0,0.0,0.0,0.0,,0.0,31.0,23.0,248.0,10.78,5.0,0.0,0.0,5.0,79.8,24.0,2017,147.1
201.0,Jesse James,PIT,TE,23.0,16.0,14.0,0.0,0.0,0.0,0.0,0.0,0.0,0.0,,0.0,63.0,43.0,372.0,8.65,3.0,0.0,0.0,3.0,98.2,26.0,2017,84.3
217.0,Antonio Gates,LAC,TE,37.0,16.0,4.0,0.0,0.0,0.0,0.0,0.0,0.0,0.0,,0.0,52.0,30.0,316.0,10.53,3.0,0.0,0.0,3.0,79.6,29.0,2017,75.3
8.0,Travis Kelce,KAN,TE,29.0,16.0,16.0,0.0,0.0,0.0,0.0,0.0,0.0,0.0,,0.0,150.0,103.0,1336.0,12.97,10.0,2.0,1.0,10.0,294.6,1.0,2018,254.3
16.0,George Kittle,SFO,TE,25.0,16.0,16.0,0.0,0.0,0.0,0.0,0.0,1.0,10.0,10.0,0.0,136.0,88.0,1377.0,15.65,5.0,0.0,0.0,5.0,258.7,2.0,2018,222.5
17.0,Zach Ertz,PHI,TE,28.0,16.0,16.0,0.0,0.0,0.0,0.0,0.0,0.0,0.0,,0.0,156.0,116.0,1163.0,10.03,8.0,1.0,0.0,8.0,280.3,3.0,2018,215.6
20.0,Eric Ebron,IND,TE,25.0,16.0,8.0,0.0,1.0,0.0,0.0,0.0,3.0,-8.0,-2.67,1.0,110.0,66.0,750.0,11.36,13.0,1.0,1.0,14.0,222.2,4.0,2018,86.5
39.0,Jared Cook,OAK,TE,31.0,16.0,14.0,0.0,0.0,0.0,0.0,0.0,0.0,0.0,,0.0,101.0,68.0,896.0,13.18,6.0,0.0,0.0,6.0,193.6,5.0,2018,167.5
64.0,Austin Hooper,ATL,TE,24.0,16.0,7.0,0.0,0.0,0.0,0.0,0.0,0.0,0.0,,0.0,88.0,71.0,660.0,9.3,4.0,0.0,0.0,4.0,163.0,7.0,2018,191.7
66.0,Kyle Rudolph,MIN,TE,29.0,16.0,16.0,0.0,0.0,0.0,0.0,0.0,0.0,0.0,,0.0,82.0,64.0,634.0,9.91,4.0,0.0,0.0,4.0,151.4,9.0,2018,113.7
68.0,OJ Howard,TAM,TE,24.0,10.0,8.0,0.0,0.0,0.0,0.0,0.0,0.0,0.0,,0.0,48.0,34.0,565.0,16.62,5.0,0.0,0.0,5.0,120.5,10.0,2018,83.9
76.0,Vance McDonald,PIT,TE,28.0,15.0,14.0,0.0,0.0,0.0,0.0,0.0,0.0,0.0,,0.0,72.0,50.0,610.0,12.2,4.0,2.0,1.0,4.0,133.0,12.0,2018,83.5
151.0,Evan Engram,NYG,TE,24.0,11.0,8.0,0.0,0.0,0.0,0.0,0.0,3.0,36.0,12.0,0.0,64.0,45.0,577.0,12.82,3.0,0.0,0.0,3.0,126.3,13.0,2018,109.4
160.0,Jimmy Graham,GNB,TE,32.0,16.0,12.0,0.0,0.0,0.0,0.0,0.0,0.0,0.0,,0.0,89.0,55.0,636.0,11.56,2.0,0.0,0.0,2.0,130.6,14.0,2018,100.7
170.0,Mark Andrews,BAL,TE,23.0,16.0,3.0,0.0,0.0,0.0,0.0,0.0,0.0,0.0,,0.0,50.0,34.0,552.0,16.24,3.0,0.0,0.0,3.0,107.2,16.0,2018,207.2
192.0,Cameron Brate,TAM,TE,27.0,16.0,2.0,0.0,0.0,0.0,0.0,0.0,0.0,0.0,,0.0,49.0,30.0,289.0,9.63,6.0,1.0,1.0,6.0,92.9,18.0,2018,91.1
203.0,Dallas Goedert,PHI,TE,23.0,16.0,8.0,0.0,0.0,0.0,0.0,0.0,0.0,0.0,,0.0,44.0,33.0,334.0,10.12,4.0,0.0,0.0,4.0,90.4,20.0,2018,144.7
207.0,Gerald Everett,LAR,TE,24.0,16.0,0.0,0.0,0.0,0.0,0.0,0.0,2.0,16.0,8.0,0.0,50.0,33.0,320.0,9.7,3.0,0.0,0.0,3.0,86.6,22.0,2018,89.8
209.0,Greg Olsen,CAR,TE,33.0,9.0,9.0,0.0,0.0,0.0,0.0,0.0,0.0,0.0,,0.0,38.0,27.0,291.0,10.78,4.0,0.0,0.0,4.0,80.1,23.0,2018,123.7
222.0,Blake Jarwin,DAL,TE,24.0,16.0,4.0,0.0,0.0,0.0,0.0,0.0,0.0,0.0,,0.0,36.0,27.0,307.0,11.37,3.0,0.0,0.0,3.0,75.7,26.0,2018,85.5
240.0,Jonnu Smith,TEN,TE,23.0,13.0,12.0,0.0,0.0,0.0,0.0,0.0,0.0,0.0,,0.0,30.0,20.0,258.0,12.9,3.0,1.0,0.0,3.0,63.8,31.0,2018,104.7
247.0,Tyler Higbee,LAR,TE,25.0,16.0,16.0,0.0,0.0,0.0,0.0,0.0,0.0,0.0,,0.0,34.0,24.0,292.0,12.17,2.0,1.0,0.0,2.0,65.2,32.0,2018,160.4
8.0,Travis Kelce,KAN,TE,30.0,16.0,16.0,0.0,0.0,0.0,0.0,0.0,1.0,4.0,4.0,1.0,136.0,97.0,1229.0,12.67,5.0,1.0,1.0,6.0,254.3,1.0,2019,312.8
13.0,Mark Andrews,BAL,TE,24.0,15.0,4.0,0.0,0.0,0.0,0.0,0.0,0.0,0.0,,0.0,98.0,64.0,852.0,13.31,10.0,2.0,1.0,10.0,207.2,2.0,2019,170.1
16.0,George Kittle,SFO,TE,26.0,14.0,14.0,0.0,0.0,0.0,0.0,0.0,5.0,22.0,4.4,0.0,107.0,85.0,1053.0,12.39,5.0,1.0,0.0,5.0,222.5,3.0,2019,125.1
19.0,Darren Waller,OAK,TE,27.0,16.0,16.0,0.0,0.0,0.0,0.0,0.0,2.0,5.0,2.5,0.0,117.0,90.0,1145.0,12.72,3.0,1.0,1.0,3.0,221.0,4.0,2019,278.6
25.0,Jared Cook,NOR,TE,32.0,14.0,7.0,0.0,0.0,0.0,0.0,0.0,0.0,0.0,,0.0,65.0,43.0,705.0,16.4,9.0,0.0,0.0,9.0,167.5,6.0,2019,127.4
31.0,Austin Hooper,ATL,TE,25.0,13.0,10.0,0.0,0.0,0.0,0.0,0.0,0.0,0.0,,0.0,97.0,75.0,787.0,10.49,6.0,0.0,0.0,6.0,191.7,7.0,2019,113.5
54.0,Hunter Henry,LAC,TE,25.0,12.0,12.0,0.0,0.0,0.0,0.0,0.0,0.0,0.0,,0.0,76.0,55.0,652.0,11.85,5.0,1.0,1.0,5.0,150.2,8.0,2019,145.3
57.0,Tyler Higbee,LAR,TE,26.0,15.0,15.0,0.0,0.0,0.0,0.0,0.0,0.0,0.0,,0.0,89.0,69.0,734.0,10.64,3.0,0.0,0.0,3.0,160.4,9.0,2019,128.2
62.0,Dallas Goedert,PHI,TE,24.0,15.0,9.0,0.0,0.0,0.0,0.0,0.0,0.0,0.0,,0.0,87.0,58.0,607.0,10.47,5.0,2.0,2.0,5.0,144.7,10.0,2019,116.4
64.0,Mike Gesicki,MIA,TE,24.0,16.0,5.0,0.0,0.0,0.0,0.0,0.0,0.0,0.0,,0.0,89.0,51.0,570.0,11.18,5.0,1.0,1.0,5.0,136.0,11.0,2019,159.3
158.0,Darren Fells,HOU,TE,33.0,16.0,14.0,0.0,0.0,0.0,0.0,0.0,0.0,0.0,,0.0,48.0,34.0,341.0,10.03,7.0,0.0,0.0,7.0,110.1,13.0,2019,76.2
171.0,Noah Fant,DEN,TE,22.0,16.0,11.0,0.0,0.0,0.0,0.0,0.0,3.0,-12.0,-4.0,0.0,66.0,40.0,562.0,14.05,3.0,1.0,1.0,3.0,111.0,16.0,2019,149.3
173.0,Jonnu Smith,TEN,TE,24.0,16.0,14.0,0.0,0.0,0.0,0.0,0.0,4.0,78.0,19.5,0.0,44.0,35.0,439.0,12.54,3.0,0.0,0.0,3.0,104.7,17.0,2019,140.2
181.0,Evan Engram,NYG,TE,25.0,8.0,6.0,0.0,0.0,0.0,0.0,0.0,3.0,7.0,2.33,0.0,68.0,44.0,467.0,10.61,3.0,0.0,0.0,3.0,109.4,19.0,2019,141.0
183.0,Tyler Eifert,CIN,TE,29.0,16.0,4.0,0.0,0.0,0.0,0.0,0.0,0.0,0.0,,0.0,63.0,43.0,436.0,10.14,3.0,0.0,0.0,3.0,106.6,21.0,2019,82.9
187.0,Jimmy Graham,GNB,TE,33.0,16.0,10.0,0.0,0.0,0.0,0.0,0.0,0.0,0.0,,0.0,60.0,38.0,447.0,11.76,3.0,1.0,0.0,3.0,100.7,22.0,2019,143.6
198.0,Eric Ebron,IND,TE,26.0,11.0,2.0,0.0,0.0,0.0,0.0,0.0,0.0,0.0,,0.0,52.0,31.0,375.0,12.1,3.0,0.0,0.0,3.0,86.5,23.0,2019,141.8
205.0,Jordan Akins,HOU,TE,27.0,16.0,9.0,0.0,0.0,0.0,0.0,0.0,0.0,0.0,,0.0,55.0,36.0,418.0,11.61,2.0,0.0,0.0,2.0,89.8,26.0,2019,83.7
209.0,Gerald Everett,LAR,TE,25.0,13.0,2.0,0.0,0.0,0.0,0.0,0.0,1.0,0.0,0.0,0.0,60.0,37.0,408.0,11.03,2.0,0.0,0.0,2.0,89.8,28.0,2019,92.9
223.0,TJ Hockenson,DET,TE,22.0,12.0,7.0,0.0,0.0,0.0,0.0,0.0,0.0,0.0,,0.0,59.0,32.0,367.0,11.47,2.0,0.0,0.0,2.0,80.7,32.0,2019,175.3
228.0,Hayden Hurst,BAL,TE,26.0,16.0,4.0,0.0,0.0,0.0,0.0,0.0,0.0,0.0,,0.0,39.0,30.0,349.0,11.63,2.0,0.0,0.0,2.0,76.9,34.0,2019,149.1
240.0,Irv Smith Jr,MIN,TE,21.0,16.0,7.0,0.0,0.0,0.0,0.0,0.0,0.0,0.0,,0.0,47.0,36.0,311.0,8.64,2.0,1.0,0.0,2.0,79.1,39.0,2019,98.5
5.0,Travis Kelce,KAN,TE,31.0,15.0,15.0,1.0,2.0,4.0,0.0,0.0,0.0,0.0,,0.0,145.0,105.0,1416.0,13.49,11.0,1.0,1.0,11.0,312.8,1.0,2020,262.8
14.0,Darren Waller,LVR,TE,28.0,16.0,15.0,0.0,0.0,0.0,0.0,0.0,0.0,0.0,,0.0,145.0,107.0,1196.0,11.18,9.0,2.0,2.0,9.0,278.6,2.0,2020,133.5
46.0,Mark Andrews,BAL,TE,25.0,14.0,2.0,0.0,0.0,0.0,0.0,0.0,0.0,0.0,,0.0,88.0,58.0,701.0,12.09,7.0,2.0,0.0,7.0,170.1,4.0,2020,301.1
52.0,TJ Hockenson,DET,TE,23.0,16.0,16.0,0.0,0.0,0.0,0.0,0.0,1.0,0.0,0.0,0.0,101.0,67.0,723.0,10.79,6.0,1.0,1.0,6.0,175.3,5.0,2020,145.3
56.0,Mike Gesicki,MIA,TE,25.0,15.0,9.0,0.0,0.0,0.0,0.0,0.0,0.0,0.0,,0.0,85.0,53.0,703.0,13.26,6.0,0.0,0.0,6.0,159.3,6.0,2020,165.0
58.0,Rob Gronkowski,TAM,TE,31.0,16.0,16.0,0.0,0.0,0.0,0.0,0.0,0.0,0.0,,0.0,77.0,45.0,623.0,13.84,7.0,1.0,0.0,7.0,149.3,8.0,2020,171.2
147.0,Jared Cook,NOR,TE,33.0,15.0,5.0,0.0,0.0,0.0,0.0,0.0,0.0,0.0,,0.0,60.0,37.0,504.0,13.62,7.0,1.0,1.0,7.0,127.4,12.0,2020,132.4
149.0,Noah Fant,DEN,TE,23.0,15.0,14.0,0.0,0.0,0.0,0.0,0.0,0.0,0.0,,0.0,93.0,62.0,673.0,10.85,3.0,0.0,0.0,3.0,149.3,13.0,2020,159.0
154.0,Hunter Henry,LAC,TE,26.0,14.0,14.0,0.0,0.0,0.0,0.0,0.0,0.0,0.0,,0.0,93.0,60.0,613.0,10.22,4.0,0.0,0.0,4.0,145.3,15.0,2020,164.3
156.0,Tyler Higbee,LAR,TE,27.0,15.0,15.0,0.0,0.0,0.0,0.0,0.0,1.0,1.0,1.0,0.0,60.0,44.0,521.0,11.84,5.0,0.0,0.0,5.0,128.2,16.0,2020,147.0
161.0,Dalton Schultz,DAL,TE,24.0,16.0,14.0,0.0,0.0,0.0,0.0,0.0,0.0,0.0,,0.0,89.0,63.0,615.0,9.76,4.0,1.0,1.0,4.0,146.5,17.0,2020,208.8
166.0,Evan Engram,NYG,TE,26.0,16.0,14.0,0.0,0.0,0.0,0.0,0.0,6.0,26.0,4.33,1.0,109.0,63.0,654.0,10.38,1.0,1.0,1.0,2.0,141.0,18.0,2020,102.5
168.0,George Kittle,SFO,TE,27.0,8.0,8.0,0.0,0.0,0.0,0.0,0.0,2.0,17.0,8.5,0.0,63.0,48.0,634.0,13.21,2.0,0.0,0.0,2.0,125.1,19.0,2020,198.0
176.0,Dallas Goedert,PHI,TE,25.0,11.0,9.0,0.0,0.0,0.0,0.0,0.0,0.0,0.0,,0.0,65.0,46.0,524.0,11.39,3.0,0.0,0.0,3.0,116.4,20.0,2020,165.0
189.0,Austin Hooper,CLE,TE,26.0,13.0,13.0,0.0,0.0,0.0,0.0,0.0,0.0,0.0,,0.0,70.0,46.0,435.0,9.46,4.0,0.0,0.0,4.0,113.5,22.0,2020,92.5
228.0,Gerald Everett,LAR,TE,26.0,16.0,7.0,0.0,0.0,0.0,0.0,0.0,1.0,2.0,2.0,1.0,62.0,41.0,417.0,10.17,1.0,1.0,1.0,2.0,92.9,26.0,2020,117.8
235.0,Mo AlieCox,IND,TE,27.0,15.0,6.0,0.0,0.0,0.0,0.0,0.0,0.0,0.0,,0.0,39.0,31.0,394.0,12.71,2.0,1.0,1.0,2.0,80.4,27.0,2020,79.6
250.0,Anthony Firkser,TEN,TE,25.0,16.0,1.0,0.0,0.0,0.0,0.0,0.0,0.0,0.0,,0.0,53.0,39.0,387.0,9.92,1.0,0.0,0.0,1.0,83.7,32.0,2020,79.1
8.0,Mark Andrews,BAL,TE,26.0,17.0,9.0,0.0,0.0,0.0,0.0,0.0,1.0,0.0,0.0,0.0,153.0,107.0,1361.0,12.72,9.0,1.0,0.0,9.0,301.1,1.0,2021,190.5
15.0,Travis Kelce,KAN,TE,32.0,16.0,16.0,0.0,0.0,0.0,0.0,0.0,2.0,3.0,1.5,1.0,134.0,92.0,1125.0,12.23,9.0,1.0,1.0,10.0,262.8,2.0,2021,316.3
35.0,Dalton Schultz,DAL,TE,25.0,17.0,15.0,0.0,0.0,0.0,0.0,0.0,0.0,0.0,,0.0,104.0,78.0,808.0,10.36,8.0,0.0,0.0,8.0,208.8,3.0,2021,142.7
37.0,George Kittle,SFO,TE,28.0,14.0,14.0,0.0,0.0,0.0,0.0,0.0,3.0,20.0,6.67,0.0,94.0,71.0,910.0,12.82,6.0,2.0,1.0,6.0,198.0,4.0,2021,200.5
50.0,Dawson Knox,BUF,TE,25.0,15.0,14.0,0.0,0.0,0.0,0.0,0.0,0.0,4.0,,0.0,71.0,49.0,587.0,11.98,9.0,0.0,0.0,9.0,164.1,6.0,2021,135.7
53.0,Hunter Henry,NWE,TE,27.0,17.0,10.0,0.0,0.0,0.0,0.0,0.0,0.0,0.0,,0.0,75.0,50.0,603.0,12.06,9.0,0.0,0.0,9.0,164.3,7.0,2021,103.9
57.0,Dallas Goedert,PHI,TE,26.0,15.0,14.0,0.0,0.0,0.0,0.0,0.0,0.0,0.0,,0.0,76.0,56.0,830.0,14.82,4.0,1.0,0.0,4.0,165.0,8.0,2021,141.2
59.0,Kyle Pitts,ATL,TE,21.0,17.0,15.0,0.0,0.0,0.0,0.0,0.0,0.0,0.0,,0.0,110.0,68.0,1026.0,15.09,1.0,0.0,0.0,1.0,176.6,9.0,2021,75.6
62.0,Zach Ertz,2TM,TE,31.0,17.0,14.0,0.0,0.0,0.0,0.0,0.0,1.0,4.0,4.0,0.0,112.0,74.0,763.0,10.31,5.0,0.0,0.0,5.0,180.7,10.0,2021,115.6
74.0,Mike Gesicki,MIA,TE,26.0,17.0,9.0,0.0,1.0,0.0,0.0,0.0,0.0,0.0,,0.0,112.0,73.0,780.0,10.68,2.0,0.0,0.0,2.0,165.0,11.0,2021,98.2
135.0,Pat Freiermuth,PIT,TE,23.0,16.0,9.0,0.0,0.0,0.0,0.0,0.0,0.0,0.0,,0.0,79.0,60.0,497.0,8.28,7.0,1.0,1.0,7.0,151.7,12.0,2021,148.2
139.0,Noah Fant,DEN,TE,24.0,16.0,16.0,0.0,0.0,0.0,0.0,0.0,0.0,0.0,,0.0,90.0,68.0,670.0,9.85,4.0,0.0,0.0,4.0,159.0,13.0,2021,122.6
147.0,Tyler Higbee,LAR,TE,28.0,15.0,15.0,0.0,0.0,0.0,0.0,0.0,0.0,0.0,,0.0,85.0,61.0,560.0,9.18,5.0,1.0,0.0,5.0,147.0,14.0,2021,152.0
157.0,TJ Hockenson,DET,TE,24.0,12.0,12.0,0.0,0.0,0.0,0.0,0.0,0.0,0.0,,0.0,84.0,61.0,583.0,9.56,4.0,0.0,0.0,4.0,145.3,16.0,2021,215.4
170.0,Darren Waller,LVR,TE,29.0,11.0,11.0,0.0,0.0,0.0,0.0,0.0,0.0,0.0,,0.0,93.0,55.0,665.0,12.09,2.0,0.0,0.0,2.0,133.5,18.0,2021,84.8
172.0,Tyler Conklin,MIN,TE,26.0,17.0,15.0,0.0,0.0,0.0,0.0,0.0,0.0,0.0,,0.0,87.0,61.0,593.0,9.72,3.0,1.0,0.0,3.0,138.3,19.0,2021,131.5
181.0,David Njoku,CLE,TE,25.0,16.0,11.0,0.0,0.0,0.0,0.0,0.0,1.0,1.0,1.0,0.0,53.0,36.0,475.0,13.19,4.0,0.0,0.0,4.0,107.6,20.0,2021,142.0
183.0,Gerald Everett,SEA,TE,27.0,15.0,12.0,0.0,0.0,0.0,0.0,0.0,3.0,20.0,6.67,0.0,63.0,48.0,478.0,9.96,4.0,2.0,2.0,4.0,117.8,21.0,2021,139.5
197.0,Cole Kmet,CHI,TE,22.0,17.0,17.0,0.0,0.0,0.0,0.0,0.0,1.0,0.0,0.0,0.0,93.0,60.0,612.0,10.2,0.0,0.0,0.0,0.0,121.2,22.0,2021,147.3
207.0,Evan Engram,NYG,TE,27.0,15.0,12.0,0.0,0.0,0.0,0.0,0.0,1.0,-3.0,-3.0,0.0,73.0,46.0,408.0,8.87,3.0,1.0,1.0,3.0,102.5,23.0,2021,176.9
214.0,Austin Hooper,CLE,TE,27.0,16.0,16.0,0.0,0.0,0.0,0.0,0.0,0.0,0.0,,0.0,61.0,38.0,345.0,9.08,3.0,0.0,0.0,3.0,92.5,26.0,2021,97.4
217.0,Foster Moreau,LVR,TE,24.0,17.0,11.0,0.0,0.0,0.0,0.0,0.0,0.0,0.0,,0.0,44.0,30.0,373.0,12.43,3.0,1.0,0.0,3.0,85.3,25.0,2021,85.2
