Rk,Player,Tm,FantPos,Age,G,GS,Cmp,P_Att,P_Yds,P_TD,Int,R_Att,R_Yds,Y/A,R_TD,Tgt,Rec,RE_Yds,Y/R,RE_TD,Fmb,FL,TD,PPR,PosRank,Year
5.0,Justin Jefferson,MIN,WR,23.0,17.0,17.0,2.0,2.0,34.0,0.0,0.0,4.0,24.0,6.0,1.0,184.0,128.0,1809.0,14.13,8.0,0.0,0.0,9.0,368.7,1.0,2022
9.0,Davante Adams,LVR,WR,30.0,17.0,17.0,0.0,0.0,0.0,0.0,0.0,3.0,-1.0,-0.33,0.0,180.0,100.0,1516.0,15.16,14.0,1.0,0.0,14.0,335.5,2.0,2022
11.0,Tyreek Hill,MIA,WR,28.0,17.0,17.0,0.0,0.0,0.0,0.0,0.0,7.0,32.0,4.57,1.0,170.0,119.0,1710.0,14.37,7.0,1.0,0.0,9.0,347.2,3.0,2022
13.0,AJ Brown,PHI,WR,25.0,17.0,16.0,0.0,0.0,0.0,0.0,0.0,0.0,0.0,,0.0,145.0,88.0,1496.0,17.0,11.0,2.0,2.0,11.0,299.6,4.0,2022
14.0,Stefon Diggs,BUF,WR,29.0,16.0,16.0,0.0,0.0,0.0,0.0,0.0,1.0,-3.0,-3.0,0.0,154.0,108.0,1429.0,13.23,11.0,1.0,0.0,11.0,316.6,5.0,2022
16.0,CeeDee Lamb,DAL,WR,23.0,17.0,17.0,0.0,0.0,0.0,0.0,0.0,10.0,47.0,4.7,0.0,156.0,107.0,1359.0,12.7,9.0,0.0,0.0,9.0,301.6,6.0,2022
19.0,Jaylen Waddle,MIA,WR,24.0,17.0,17.0,0.0,0.0,0.0,0.0,0.0,3.0,26.0,8.67,0.0,117.0,75.0,1356.0,18.08,8.0,1.0,1.0,8.0,259.2,7.0,2022
24.0,Amari Cooper,CLE,WR,28.0,17.0,17.0,0.0,1.0,0.0,0.0,1.0,0.0,0.0,,0.0,132.0,78.0,1160.0,14.87,9.0,0.0,0.0,9.0,246.0,8.0,2022
27.0,AmonRa St Brown,DET,WR,23.0,16.0,16.0,0.0,0.0,0.0,0.0,0.0,9.0,95.0,10.56,0.0,146.0,106.0,1161.0,10.95,6.0,0.0,0.0,6.0,267.6,9.0,2022
28.0,DeVonta Smith,PHI,WR,24.0,17.0,17.0,0.0,0.0,0.0,0.0,0.0,0.0,0.0,,0.0,136.0,95.0,1196.0,12.59,7.0,1.0,1.0,7.0,254.6,10.0,2022
30.0,Christian Kirk,JAX,WR,26.0,17.0,17.0,0.0,1.0,0.0,0.0,0.0,5.0,11.0,2.2,0.0,133.0,84.0,1108.0,13.19,8.0,1.0,1.0,8.0,241.9,11.0,2022
32.0,JaMarr Chase,CIN,WR,22.0,12.0,12.0,0.0,0.0,0.0,0.0,0.0,5.0,8.0,1.6,0.0,134.0,87.0,1046.0,12.02,9.0,2.0,2.0,9.0,242.4,12.0,2022
35.0,Tyler Lockett,SEA,WR,30.0,16.0,16.0,0.0,0.0,0.0,0.0,0.0,0.0,0.0,,0.0,117.0,84.0,1033.0,12.3,9.0,2.0,2.0,9.0,237.3,13.0,2022
36.0,Terry McLaurin,WAS,WR,27.0,17.0,17.0,0.0,0.0,0.0,0.0,0.0,7.0,29.0,4.14,0.0,120.0,77.0,1191.0,15.47,5.0,1.0,0.0,5.0,229.0,14.0,2022
37.0,Brandon Aiyuk,SFO,WR,24.0,17.0,17.0,0.0,0.0,0.0,0.0,0.0,2.0,23.0,11.5,0.0,114.0,78.0,1015.0,13.01,8.0,1.0,1.0,8.0,227.8,15.0,2022
39.0,Mike Evans,TAM,WR,29.0,15.0,15.0,0.0,0.0,0.0,0.0,0.0,0.0,0.0,,0.0,127.0,77.0,1124.0,14.6,6.0,0.0,0.0,6.0,225.4,16.0,2022
40.0,Tee Higgins,CIN,WR,23.0,16.0,14.0,0.0,0.0,0.0,0.0,0.0,0.0,0.0,,0.0,109.0,74.0,1029.0,13.91,7.0,0.0,0.0,7.0,220.9,17.0,2022
47.0,Jerry Jeudy,DEN,WR,23.0,15.0,14.0,0.0,0.0,0.0,0.0,0.0,4.0,40.0,10.0,0.0,100.0,67.0,972.0,14.51,6.0,0.0,0.0,6.0,204.2,18.0,2022
48.0,DK Metcalf,SEA,WR,25.0,17.0,17.0,0.0,0.0,0.0,0.0,0.0,0.0,0.0,,0.0,141.0,90.0,1048.0,11.64,6.0,2.0,2.0,6.0,226.8,19.0,2022
49.0,DJ Moore,CAR,WR,25.0,17.0,17.0,0.0,0.0,0.0,0.0,0.0,10.0,53.0,5.3,0.0,118.0,63.0,888.0,14.1,7.0,0.0,0.0,7.0,199.1,20.0,2022
52.0,Garrett Wilson,NYJ,WR,22.0,17.0,12.0,0.0,1.0,0.0,0.0,0.0,4.0,4.0,1.0,0.0,147.0,83.0,1103.0,13.29,4.0,2.0,1.0,4.0,215.7,21.0,2022
58.0,Cooper Kupp,LAR,WR,29.0,9.0,9.0,0.0,1.0,0.0,0.0,0.0,9.0,52.0,5.78,1.0,98.0,75.0,812.0,10.83,6.0,2.0,1.0,7.0,201.4,22.0,2022
59.0,Chris Olave,NOR,WR,22.0,15.0,9.0,0.0,0.0,0.0,0.0,0.0,0.0,0.0,,0.0,119.0,72.0,1042.0,14.47,4.0,2.0,2.0,4.0,198.2,23.0,2022
61.0,Gabriel Davis,BUF,WR,23.0,15.0,15.0,0.0,0.0,0.0,0.0,0.0,0.0,0.0,,0.0,93.0,48.0,836.0,17.42,7.0,1.0,1.0,7.0,171.6,24.0,2022
62.0,Christian Watson,GNB,WR,23.0,14.0,11.0,0.0,0.0,0.0,0.0,0.0,7.0,80.0,11.43,2.0,66.0,41.0,611.0,14.9,7.0,0.0,0.0,9.0,164.1,25.0,2022
65.0,Chris Godwin,TAM,WR,26.0,15.0,13.0,0.0,0.0,0.0,0.0,0.0,3.0,5.0,1.67,0.0,142.0,104.0,1023.0,9.84,3.0,2.0,2.0,3.0,222.8,26.0,2022
68.0,Michael Pittman Jr,IND,WR,25.0,16.0,16.0,0.0,0.0,0.0,0.0,0.0,3.0,30.0,10.0,0.0,141.0,99.0,925.0,9.34,4.0,2.0,1.0,4.0,216.5,27.0,2022
71.0,Zay Jones,JAX,WR,27.0,16.0,15.0,0.0,0.0,0.0,0.0,0.0,4.0,18.0,4.5,0.0,121.0,82.0,823.0,10.04,5.0,0.0,0.0,5.0,198.1,28.0,2022
74.0,Allen Lazard,GNB,WR,27.0,15.0,15.0,0.0,0.0,0.0,0.0,0.0,2.0,0.0,0.0,0.0,100.0,60.0,788.0,13.13,6.0,0.0,0.0,6.0,174.8,29.0,2022
110.0,George Pickens,PIT,WR,21.0,17.0,12.0,0.0,0.0,0.0,0.0,0.0,3.0,24.0,8.0,1.0,84.0,52.0,801.0,15.4,4.0,0.0,0.0,5.0,166.5,30.0,2022
111.0,Mike Williams,LAC,WR,28.0,13.0,13.0,0.0,0.0,0.0,0.0,0.0,0.0,0.0,,0.0,93.0,63.0,895.0,14.21,4.0,0.0,0.0,4.0,176.5,31.0,2022
112.0,Jakobi Meyers,NWE,WR,26.0,14.0,13.0,0.0,0.0,0.0,0.0,0.0,2.0,-11.0,-5.5,0.0,96.0,67.0,804.0,12.0,6.0,2.0,2.0,6.0,180.3,32.0,2022
114.0,Curtis Samuel,WAS,WR,26.0,17.0,12.0,0.0,0.0,0.0,0.0,0.0,38.0,187.0,4.92,1.0,92.0,64.0,656.0,10.25,4.0,1.0,1.0,5.0,176.3,34.0,2022
115.0,Deebo Samuel,SFO,WR,26.0,13.0,12.0,0.0,0.0,0.0,0.0,0.0,42.0,232.0,5.52,3.0,94.0,56.0,632.0,11.29,2.0,3.0,2.0,5.0,168.4,33.0,2022
116.0,Adam Thielen,MIN,WR,32.0,17.0,17.0,0.0,0.0,0.0,0.0,0.0,1.0,4.0,4.0,0.0,107.0,70.0,716.0,10.23,6.0,0.0,0.0,6.0,180.0,35.0,2022
117.0,Tyler Boyd,CIN,WR,28.0,16.0,14.0,1.0,1.0,23.0,0.0,0.0,0.0,0.0,,0.0,82.0,58.0,762.0,13.14,5.0,0.0,0.0,5.0,167.1,36.0,2022
120.0,Drake London,ATL,WR,21.0,17.0,15.0,0.0,0.0,0.0,0.0,0.0,0.0,0.0,,0.0,117.0,72.0,866.0,12.03,4.0,3.0,3.0,4.0,178.6,38.0,2022
121.0,JuJu SmithSchuster,KAN,WR,26.0,16.0,14.0,0.0,0.0,0.0,0.0,0.0,0.0,0.0,,0.0,101.0,78.0,933.0,11.96,3.0,3.0,2.0,3.0,185.3,37.0,2022
122.0,Donovan PeoplesJones,CLE,WR,23.0,17.0,14.0,0.0,0.0,0.0,0.0,0.0,1.0,2.0,2.0,0.0,96.0,61.0,839.0,13.75,3.0,1.0,1.0,4.0,167.1,39.0,2022
126.0,Keenan Allen,LAC,WR,30.0,10.0,10.0,0.0,0.0,0.0,0.0,0.0,1.0,8.0,8.0,0.0,89.0,66.0,752.0,11.39,4.0,1.0,1.0,4.0,164.0,40.0,2022
128.0,Mack Hollins,LVR,WR,29.0,17.0,16.0,1.0,1.0,4.0,0.0,0.0,4.0,40.0,10.0,0.0,94.0,57.0,690.0,12.11,4.0,0.0,0.0,4.0,154.2,42.0,2022
129.0,Josh Palmer,LAC,WR,24.0,16.0,11.0,0.0,0.0,0.0,0.0,0.0,1.0,4.0,4.0,0.0,107.0,72.0,769.0,10.68,3.0,1.0,0.0,3.0,169.3,41.0,2022
130.0,Jahan Dotson,WAS,WR,22.0,12.0,10.0,0.0,0.0,0.0,0.0,0.0,2.0,-7.0,-3.5,0.0,61.0,35.0,523.0,14.94,7.0,0.0,0.0,7.0,130.6,43.0,2022
132.0,KJ Osborn,MIN,WR,25.0,17.0,9.0,0.0,0.0,0.0,0.0,0.0,3.0,6.0,2.0,0.0,90.0,60.0,650.0,10.83,5.0,1.0,0.0,5.0,155.6,44.0,2022
133.0,Diontae Johnson,PIT,WR,26.0,17.0,17.0,0.0,0.0,0.0,0.0,0.0,7.0,25.0,3.57,0.0,147.0,86.0,882.0,10.26,0.0,1.0,0.0,0.0,180.7,46.0,2022
134.0,Courtland Sutton,DEN,WR,27.0,15.0,15.0,0.0,0.0,0.0,0.0,0.0,1.0,5.0,5.0,0.0,109.0,64.0,829.0,12.95,2.0,0.0,0.0,2.0,159.4,45.0,2022
136.0,Marquise Brown,ARI,WR,25.0,12.0,10.0,0.0,0.0,0.0,0.0,0.0,1.0,1.0,1.0,0.0,107.0,67.0,709.0,10.58,3.0,1.0,0.0,3.0,156.0,47.0,2022
137.0,Brandin Cooks,HOU,WR,29.0,13.0,13.0,0.0,0.0,0.0,0.0,0.0,2.0,7.0,3.5,0.0,93.0,57.0,699.0,12.26,3.0,0.0,0.0,3.0,145.6,48.0,2022
139.0,DeAndre Hopkins,ARI,WR,30.0,9.0,9.0,0.0,0.0,0.0,0.0,0.0,0.0,0.0,,0.0,96.0,64.0,717.0,11.2,3.0,2.0,1.0,3.0,151.7,49.0,2022
141.0,Parris Campbell,IND,WR,25.0,17.0,16.0,0.0,0.0,0.0,0.0,0.0,5.0,58.0,11.6,0.0,91.0,63.0,623.0,9.89,3.0,1.0,0.0,3.0,149.1,50.0,2022
148.0,Darius Slayton,NYG,WR,25.0,16.0,11.0,0.0,0.0,0.0,0.0,0.0,0.0,0.0,,0.0,71.0,46.0,724.0,15.74,2.0,2.0,1.0,2.0,128.4,51.0,2022
152.0,Marquez ValdesScantling,KAN,WR,28.0,17.0,11.0,0.0,0.0,0.0,0.0,0.0,1.0,-3.0,-3.0,0.0,81.0,42.0,687.0,16.36,2.0,0.0,0.0,2.0,122.4,52.0,2022
153.0,Devin Duvernay,BAL,WR,25.0,14.0,13.0,0.0,0.0,0.0,0.0,0.0,12.0,84.0,7.0,1.0,49.0,37.0,407.0,11.0,3.0,1.0,0.0,5.0,116.1,53.0,2022
154.0,Isaiah McKenzie,BUF,WR,27.0,15.0,8.0,0.0,0.0,0.0,0.0,0.0,9.0,55.0,6.11,1.0,65.0,42.0,423.0,10.07,4.0,0.0,0.0,5.0,119.8,54.0,2022
156.0,Richie James,NYG,WR,27.0,17.0,4.0,0.0,0.0,0.0,0.0,0.0,2.0,6.0,3.0,0.0,70.0,57.0,569.0,9.98,4.0,3.0,3.0,4.0,132.5,55.0,2022
163.0,Russell Gage,TAM,WR,26.0,13.0,4.0,0.0,0.0,0.0,0.0,0.0,0.0,0.0,,0.0,70.0,51.0,426.0,8.35,5.0,1.0,1.0,5.0,123.6,56.0,2022
165.0,Rashid Shaheed,NOR,WR,24.0,12.0,6.0,0.0,0.0,0.0,0.0,0.0,4.0,57.0,14.25,1.0,34.0,28.0,488.0,17.43,2.0,1.0,0.0,3.0,100.5,57.0,2022
166.0,Noah Brown,DAL,WR,26.0,16.0,13.0,0.0,0.0,0.0,0.0,0.0,0.0,0.0,,0.0,74.0,43.0,555.0,12.91,3.0,1.0,1.0,3.0,114.5,59.0,2022
167.0,DeVante Parker,NWE,WR,29.0,13.0,11.0,0.0,0.0,0.0,0.0,0.0,0.0,0.0,,0.0,47.0,31.0,539.0,17.39,3.0,0.0,0.0,3.0,102.9,58.0,2022
168.0,Marvin Jones,JAX,WR,32.0,16.0,10.0,0.0,0.0,0.0,0.0,0.0,0.0,0.0,,0.0,81.0,46.0,529.0,11.5,3.0,0.0,0.0,3.0,116.9,61.0,2022
169.0,Alec Pierce,IND,WR,22.0,16.0,12.0,0.0,0.0,0.0,0.0,0.0,0.0,0.0,,0.0,78.0,41.0,593.0,14.46,2.0,1.0,0.0,2.0,112.3,60.0,2022
170.0,Olamide Zaccheaus,ATL,WR,25.0,17.0,13.0,0.0,0.0,0.0,0.0,0.0,2.0,7.0,3.5,0.0,61.0,40.0,533.0,13.33,3.0,1.0,1.0,3.0,110.0,62.0,2022
172.0,Mecole Hardman,KAN,WR,24.0,8.0,5.0,0.0,0.0,0.0,0.0,0.0,4.0,31.0,7.75,2.0,34.0,25.0,297.0,11.88,4.0,1.0,0.0,6.0,93.8,64.0,2022
173.0,Kalif Raymond,DET,WR,28.0,17.0,7.0,0.0,0.0,0.0,0.0,0.0,7.0,36.0,5.14,0.0,64.0,47.0,616.0,13.11,0.0,3.0,1.0,1.0,116.2,63.0,2022
174.0,DJ Chark,DET,WR,26.0,11.0,10.0,0.0,0.0,0.0,0.0,0.0,0.0,0.0,,0.0,52.0,30.0,502.0,16.73,3.0,0.0,0.0,3.0,98.2,65.0,2022
175.0,Chris Moore,HOU,WR,29.0,16.0,7.0,0.0,0.0,0.0,0.0,0.0,3.0,3.0,1.0,0.0,74.0,48.0,548.0,11.42,2.0,0.0,0.0,2.0,115.1,66.0,2022
176.0,DeAndre Carter,LAC,WR,29.0,17.0,7.0,0.0,0.0,0.0,0.0,0.0,2.0,-15.0,-7.5,0.0,65.0,46.0,538.0,11.7,3.0,3.0,2.0,3.0,112.3,68.0,2022
177.0,Corey Davis,NYJ,WR,27.0,13.0,10.0,0.0,0.0,0.0,0.0,0.0,0.0,0.0,,0.0,64.0,32.0,536.0,16.75,2.0,0.0,0.0,2.0,97.6,70.0,2022
178.0,Michael Gallup,DAL,WR,26.0,14.0,11.0,0.0,0.0,0.0,0.0,0.0,0.0,0.0,,0.0,74.0,39.0,424.0,10.87,4.0,0.0,0.0,4.0,105.4,67.0,2022
180.0,Josh Reynolds,DET,WR,27.0,14.0,11.0,0.0,0.0,0.0,0.0,0.0,0.0,0.0,,0.0,59.0,38.0,479.0,12.61,3.0,0.0,0.0,3.0,103.9,69.0,2022
185.0,Marquise Goodwin,SEA,WR,32.0,13.0,2.0,0.0,0.0,0.0,0.0,0.0,2.0,5.0,2.5,0.0,42.0,27.0,387.0,14.33,4.0,0.0,0.0,4.0,90.2,71.0,2022
187.0,Isaiah Hodgins,2TM,WR,24.0,10.0,5.0,0.0,0.0,0.0,0.0,0.0,0.0,0.0,,0.0,48.0,37.0,392.0,10.59,4.0,1.0,1.0,4.0,100.2,72.0,2022
188.0,Robert Woods,TEN,WR,30.0,17.0,15.0,0.0,0.0,0.0,0.0,0.0,0.0,0.0,,0.0,91.0,53.0,527.0,9.94,2.0,1.0,1.0,2.0,115.7,73.0,2022
190.0,Darnell Mooney,CHI,WR,25.0,12.0,12.0,0.0,0.0,0.0,0.0,0.0,1.0,2.0,2.0,0.0,61.0,40.0,493.0,12.33,2.0,0.0,0.0,2.0,101.5,74.0,2022
191.0,Treylon Burks,TEN,WR,22.0,11.0,6.0,0.0,0.0,0.0,0.0,0.0,4.0,47.0,11.75,0.0,54.0,33.0,444.0,13.45,1.0,0.0,0.0,2.0,94.1,75.0,2022
192.0,Greg Dortch,ARI,WR,24.0,16.0,4.0,0.0,0.0,0.0,0.0,0.0,7.0,44.0,6.29,0.0,64.0,52.0,467.0,8.98,2.0,1.0,1.0,2.0,113.1,76.0,2022
193.0,Nico Collins,HOU,WR,23.0,10.0,7.0,0.0,0.0,0.0,0.0,0.0,0.0,0.0,,0.0,66.0,37.0,481.0,13.0,2.0,0.0,0.0,2.0,97.1,77.0,2022
194.0,Romeo Doubs,GNB,WR,22.0,13.0,7.0,0.0,0.0,0.0,0.0,0.0,1.0,11.0,11.0,0.0,67.0,42.0,425.0,10.12,3.0,2.0,1.0,3.0,101.6,78.0,2022
195.0,Chase Claypool,2TM,WR,24.0,15.0,11.0,1.0,1.0,1.0,1.0,0.0,9.0,59.0,6.56,0.0,79.0,46.0,451.0,9.8,1.0,1.0,1.0,1.0,105.0,79.0,2022
199.0,Nick WestbrookIkhine,TEN,WR,25.0,17.0,13.0,0.0,0.0,0.0,0.0,0.0,0.0,0.0,,0.0,50.0,25.0,397.0,15.88,3.0,0.0,0.0,3.0,82.7,80.0,2022
206.0,Demarcus Robinson,BAL,WR,28.0,17.0,5.0,0.0,0.0,0.0,0.0,0.0,0.0,0.0,,0.0,75.0,48.0,458.0,9.54,2.0,2.0,1.0,2.0,103.8,81.0,2022
208.0,Van Jefferson,LAR,WR,26.0,11.0,9.0,0.0,0.0,0.0,0.0,0.0,0.0,0.0,,0.0,44.0,24.0,369.0,15.38,3.0,0.0,0.0,3.0,78.9,83.0,2022
210.0,Terrace Marshall Jr,CAR,WR,22.0,14.0,9.0,0.0,0.0,0.0,0.0,0.0,0.0,0.0,,0.0,47.0,28.0,490.0,17.5,1.0,2.0,0.0,1.0,83.0,82.0,2022
212.0,Trent Sherfield,MIA,WR,26.0,17.0,4.0,0.0,0.0,0.0,0.0,0.0,0.0,0.0,,0.0,51.0,30.0,417.0,13.9,2.0,0.0,0.0,2.0,83.7,84.0,2022
213.0,Kendrick Bourne,NWE,WR,27.0,16.0,2.0,0.0,0.0,0.0,0.0,0.0,6.0,39.0,6.5,0.0,48.0,35.0,434.0,12.4,1.0,2.0,0.0,1.0,88.3,85.0,2022
218.0,Allen Robinson,LAR,WR,29.0,10.0,10.0,0.0,0.0,0.0,0.0,0.0,0.0,0.0,,0.0,52.0,33.0,339.0,10.27,3.0,0.0,0.0,3.0,84.9,86.0,2022
219.0,Quez Watkins,PHI,WR,24.0,17.0,8.0,0.0,0.0,0.0,0.0,0.0,3.0,1.0,0.33,0.0,51.0,33.0,354.0,10.73,3.0,1.0,1.0,3.0,84.5,87.0,2022
222.0,Elijah Moore,NYJ,WR,22.0,16.0,9.0,0.0,0.0,0.0,0.0,0.0,5.0,5.0,1.0,0.0,65.0,37.0,446.0,12.05,1.0,1.0,0.0,1.0,88.1,88.0,2022
227.0,Randall Cobb,GNB,WR,32.0,13.0,3.0,0.0,0.0,0.0,0.0,0.0,0.0,0.0,,0.0,50.0,34.0,417.0,12.26,1.0,1.0,0.0,1.0,81.7,90.0,2022
229.0,Trenton Irwin,CIN,WR,27.0,9.0,2.0,0.0,0.0,0.0,0.0,0.0,1.0,11.0,11.0,0.0,23.0,15.0,231.0,15.4,4.0,0.0,0.0,4.0,63.2,89.0,2022
230.0,Jauan Jennings,SFO,WR,25.0,16.0,4.0,0.0,0.0,0.0,0.0,0.0,0.0,0.0,,0.0,56.0,35.0,416.0,11.89,1.0,1.0,0.0,1.0,82.6,91.0,2022
233.0,Jamal Agnew,JAX,WR,27.0,15.0,0.0,0.0,0.0,0.0,0.0,0.0,12.0,86.0,7.17,0.0,30.0,23.0,187.0,8.13,3.0,0.0,0.0,3.0,70.3,92.0,2022
234.0,Rondale Moore,ARI,WR,22.0,8.0,8.0,0.0,0.0,0.0,0.0,0.0,6.0,-5.0,-0.83,0.0,56.0,41.0,414.0,10.1,1.0,0.0,0.0,1.0,87.9,93.0,2022
235.0,Julio Jones,TAM,WR,33.0,10.0,5.0,0.0,0.0,0.0,0.0,0.0,5.0,45.0,9.0,0.0,43.0,24.0,299.0,12.46,2.0,0.0,0.0,2.0,70.4,94.0,2022
237.0,Dante Pettis,CHI,WR,27.0,17.0,7.0,0.0,0.0,0.0,0.0,0.0,2.0,37.0,18.5,0.0,41.0,19.0,245.0,12.89,3.0,1.0,0.0,3.0,65.2,95.0,2022
238.0,Laviska Shenault Jr,CAR,WR,24.0,13.0,4.0,0.0,0.0,0.0,0.0,0.0,9.0,65.0,7.22,1.0,32.0,27.0,272.0,10.07,1.0,0.0,0.0,2.0,72.7,96.0,2022
240.0,Tutu Atwell,LAR,WR,23.0,13.0,4.0,0.0,0.0,0.0,0.0,0.0,9.0,34.0,3.78,1.0,35.0,18.0,298.0,16.56,1.0,0.0,0.0,2.0,63.2,98.0,2022
242.0,Ben Skowronek,LAR,WR,25.0,14.0,11.0,0.0,0.0,0.0,0.0,0.0,1.0,17.0,17.0,1.0,61.0,39.0,376.0,9.64,0.0,0.0,0.0,1.0,84.3,97.0,2022
243.0,Nelson Agholor,NWE,WR,29.0,16.0,7.0,0.0,0.0,0.0,0.0,0.0,0.0,0.0,,0.0,53.0,31.0,362.0,11.68,2.0,2.0,2.0,2.0,75.2,100.0,2022
244.0,RayRay McCloud,SFO,WR,26.0,17.0,2.0,0.0,0.0,0.0,0.0,0.0,4.0,78.0,19.5,1.0,25.0,14.0,243.0,17.36,1.0,2.0,0.0,2.0,58.1,101.0,2022
246.0,Equanimeous St Brown,CHI,WR,26.0,16.0,16.0,0.0,0.0,0.0,0.0,0.0,6.0,54.0,9.0,0.0,38.0,21.0,323.0,15.38,1.0,1.0,0.0,1.0,64.7,102.0,2022
247.0,Tyquan Thornton,NWE,WR,22.0,13.0,9.0,0.0,0.0,0.0,0.0,0.0,3.0,16.0,5.33,1.0,45.0,22.0,247.0,11.23,2.0,0.0,0.0,3.0,66.3,99.0,2022
248.0,Justin Watson,KAN,WR,26.0,17.0,5.0,0.0,0.0,0.0,0.0,0.0,0.0,0.0,,0.0,34.0,15.0,315.0,21.0,2.0,0.0,0.0,2.0,58.5,103.0,2022
